epoch train_loss test_loss  accuracy
2.213767170318041  2.155346568265542 0.1298
2.1291039408194172  2.0671922526507327 0.1968
2.08186178262238  2.0270628563033837 0.2089
2.051391975232281  2.002883859143203 0.2167
2.029269154770826  1.9857724128307706 0.2225
2.0122776863244396  1.9725687026939807 0.2257
1.9978859624475553  1.9616508375368655 0.2276
1.9857945264180679  1.9522756762594429 0.2276
1.9753492814600042  1.944025193574767 0.2279
1.965603686212729  1.9365988308643374 0.2277
1.956898808444375  1.9297975564520486 0.2287
1.9488431567649986  1.9235556455527811 0.2287
1.9416496473163443  1.9177169727858687 0.2293
1.9348405659709866  1.9122399440722733 0.2315
1.9284213737027516  1.90708134954627 0.2325
1.9221744674334067  1.9021748950481647 0.2333
1.9161954362701161  1.8975257198975342 0.2335
1.9105907946680407  1.8930792517813442 0.2337
1.9053718429724917  1.8888636565971388 0.2345
1.9003428630468857  1.8848046207401465 0.2341
1.8954418620049989  1.8809175253077655 0.234
1.890736580821006  1.8771713223961146 0.2344
1.886165633283966  1.873546281099718 0.235
1.8817460915730229  1.8700498888081187 0.2357
1.8775188087624002  1.8666545736664186 0.2367
1.8732903005637365  1.8633522831137515 0.2372
1.8692642586951405  1.8601831455952735 0.2387
1.8654010351763717  1.8570970007827157 0.2386
1.8613896696089078  1.8541139751215028 0.2402
1.8575343612339286  1.851199992133443 0.2406
1.8536164895938778  1.8483596515773473 0.2407
1.8498623350619  1.8455805104928136 0.2406
1.846170228771556  1.8428667980118298 0.2419
1.8425529559970044  1.8402224746886238 0.2417
1.8390014943163457  1.8376415822989198 0.242
1.83541359331784  1.8351159516211923 0.2421
1.831896670421892  1.832664611969218 0.2435
1.8284431632521538  1.8302636914250165 0.2444
1.8250346684590395  1.8279063593745613 0.2448
1.8216682129642203  1.8255853476575599 0.2454
1.8183662622534442  1.8232994530050364 0.2465
1.8152291707209665  1.8210511215848744 0.2467
1.8120178787091046  1.818854259035169 0.2471
1.8088019182338133  1.8166887406717553 0.2483
1.8055610277672074  1.814567231723459 0.2484
1.8022970865509904  1.8124936913809986 0.2489
1.7992194209543388  1.8104448046663641 0.2502
1.796152389162457  1.8084474021485322 0.2506
1.793132665356935  1.8064597900874497 0.2512
1.7900677941130425  1.8044737567477787 0.2516
1.7870258960907865  1.80251616199315 0.2522
1.7840503830004313  1.8005912103026116 0.2533
1.7812805475630091  1.7987038763027792 0.2539
1.7784330274783582  1.7968358293460784 0.255
1.775716523279882  1.7949760269876722 0.2553
1.7729547541096864  1.7931487845946519 0.2555
1.770313355615131  1.7913219263197584 0.2561
1.7676688039828379  1.789514793535041 0.2569
1.7652041243865308  1.7877213310271503 0.257
1.7626588412121642  1.7859573990449258 0.2579
1.7603240574620493  1.7842261470143619 0.2579
1.7578922745424075  1.7825060375359212 0.2583
1.7554300617123335  1.7808058709263275 0.2584
1.7529637664372786  1.779136265176083 0.2584
1.7506496002336183  1.7774876506444532 0.2583
1.7482940848445532  1.7758447567559807 0.2588
1.7460163815141019  1.7742196793672345 0.2589
1.7439474215488324  1.772618405498819 0.2597
1.7417667256934062  1.7710292176502327 0.2601
1.7395840140877876  1.7694452453099752 0.2608
1.7376092772227008  1.7678814223393615 0.2616
1.735623112740587  1.7663236747858315 0.2626
1.7334697093824456  1.7647794786458972 0.2631
1.7314495869358328  1.7632423830372743 0.2641
1.7294988721651994  1.761722043710517 0.2648
1.7276706385633342  1.7602188673643089 0.2645
1.7258554176761145  1.758738074544257 0.2652
1.7240640571615877  1.7572653135003806 0.2652
1.722301927863204  1.7558004547665689 0.2661
1.7206713624269654  1.7543606724634104 0.2662
1.7190326767517565  1.7529229274796956 0.2671
1.7173671524166172  1.7514737412844785 0.2679
1.7156040548527007  1.7500238958973837 0.2685
1.7139962988594182  1.7485887839461578 0.2688
1.712499709983036  1.7471569764017065 0.2691
1.7110914548407694  1.7457480849752658 0.2693
1.7095957775055732  1.744333214116035 0.2702
1.7081760061968978  1.7429303556974596 0.2707
1.70689120837553  1.7415327967288314 0.2708
1.7055843115141576  1.7401451999874837 0.2714
1.7043005143096626  1.738767361849441 0.2721
1.7029996786817179  1.7374013460130595 0.2727
1.7018174805608222  1.7360426693708622 0.2728
1.7006490989787555  1.7346853394832782 0.273
1.699492929967305  1.7333377125383802 0.2739
1.6984470603618618  1.7320082358760942 0.2744
1.6973484843474462  1.7306809155817275 0.275
1.6963631633051162  1.7293591534335693 0.2752
1.695304792813501  1.7280422287895487 0.2755
1.6943442811084832  1.7267399699421917 0.2757
1.6932727716461038  1.7254466020548367 0.276
1.692360571275686  1.7241715043495114 0.2761
1.6915469202639002  1.7229039909434822 0.2764
1.6905552352941824  1.721636688221418 0.2766
1.6896369875605242  1.7203678419641129 0.2764
1.6887988955090478  1.719107433463562 0.277
1.6879139155972698  1.7178460488912697 0.2778
1.6871006706229643  1.7165924089316533 0.2784
1.686401667558614  1.7153560530134098 0.2783
1.68562272609281  1.7141297932208548 0.2784
1.6849262450727398  1.71292950827371 0.2784
1.684155053438791  1.7117352173790343 0.2794
1.6834521584813718  1.7105539631525952 0.2803
1.68260082080394  1.7093738017897049 0.2779
1.681837282082104  1.7081993553488595 0.2785
1.6810608616012097  1.7070249526419272 0.29
1.6802834799423867  1.705859295777349 0.2909
1.6794829977770747  1.704701981217687 0.291
1.6787902623334705  1.7035511253354445 0.2913
1.6780515208563003  1.702410387112654 0.2919
1.6772447339599406  1.701282728798893 0.2921
1.676525932915956  1.700172648224622 0.2927
1.6756856017391881  1.699066688023724 0.2938
1.6747831303606577  1.6979723180637294 0.2947
1.673977897423451  1.6968881037248724 0.2953
1.6730734661705438  1.6958056246482178 0.2959
1.672204176603046  1.6947318190804104 0.2961
1.671433415852903  1.6936680788002756 0.2974
1.6705744032719705  1.6926050061008922 0.298
1.6698373025998603  1.691561756370702 0.2986
1.6690528082345815  1.690529015988237 0.3003
1.668155066397145  1.6894885826941584 0.3013
1.6672744620366198  1.6884569899250863 0.3016
1.6664488957461312  1.6874454514487378 0.3031
1.6656157731102252  1.6864327192780737 0.3035
1.6647567983180191  1.6854322360941525 0.3035
1.664029112699431  1.6844332879026727 0.3051
1.6632040722718697  1.683433045207028 0.3059
1.6625306732998657  1.6824393443712773 0.3068
1.661842176146411  1.6814616819352282 0.3081
1.661275057835752  1.6804933210560118 0.3085
1.6605362009449067  1.6795207785220791 0.3095
1.6597842595745096  1.6785530521379635 0.3105
1.6590454945917674  1.6775879262450966 0.3119
1.6582993608175574  1.6766291863100435 0.3128
1.657537554764754  1.6756721300132598 0.3145
1.656814263751632  1.6747175743711744 0.3157
1.6559901480983832  1.6737614939478638 0.3152
1.6553113120736953  1.6728249334758654 0.3159
1.6545294234842842  1.6718960683639126 0.3169
1.6537707213349175  1.6709743986968035 0.3175
1.6529755334576464  1.6700621558774973 0.3182
1.6522087917493302  1.6691627919661147 0.3193
1.6514329627532593  1.6682688434843491 0.3207
1.6506198426579768  1.66737953284909 0.3214
1.6497313949404404  1.6664836363191433 0.3212
1.6489399576503392  1.6656031900143558 0.3216
1.6481118345906893  1.664732362490455 0.322
1.647256846192734  1.663862208935307 0.3225
1.6464435193873441  1.6630075989595847 0.3236
1.6456180296184237  1.6621550621870378 0.3244
1.644782709321006  1.6613154755558681 0.3253
1.6439698609019169  1.660474714893944 0.3259
1.6431672376729896  1.6596506968298679 0.3274
1.6424223505602598  1.658836387763618 0.3274
1.6414944781397107  1.6580045600613087 0.3277
1.6406790090448595  1.6571922007216893 0.3279
1.639818820949387  1.6563820045703876 0.3282
1.6389936798907945  1.6555648796285976 0.3293
1.6382580827081676  1.6547738167048391 0.3301
1.6374846637047638  1.6539792735483358 0.331
1.6367093630532423  1.6531918486425194 0.3312
1.6359191445623076  1.6524058636616712 0.3325
1.6351815627914583  1.6516306768652376 0.3331
1.6345284658617352  1.6508697409166453 0.3355
1.6338409207416085  1.650118704320063 0.3374
1.632991867773405  1.649369426371564 0.3373
1.6322421551010649  1.6486322932655428 0.3387
1.6314629002878505  1.647898869520209 0.3402
1.6307329968408688  1.6471784399368277 0.3408
1.6299213444090475  1.6464565150929564 0.3415
1.6291582762138852  1.6457520396553071 0.3422
1.6284413950402419  1.6450375358340847 0.3433
1.6277035825681427  1.644333424668435 0.3441
1.6270291809251638  1.6436445402239104 0.3451
1.6263698052141013  1.6429515116383475 0.3458
1.6256708798811805  1.642267317829016 0.3468
1.6250687252337268  1.6416066804103961 0.3475
1.6243681613587306  1.6409348573913525 0.3478
1.6237042986638606  1.6402804424484425 0.3485
1.623056885068791  1.6396257536662775 0.3493
1.6223512951927723  1.6389761074263085 0.3494
1.6216735189527711  1.6383307201958024 0.3505
1.6210514284964344  1.6376866205243652 0.3516
1.6204640277251634  1.637056295227078 0.351
1.6198785389433856  1.636437200542505 0.3516
1.619330867437948  1.6358275233982036 0.3518
1.618736916928082  1.63521615390438 0.3517
1.6181645090968413  1.6346073346988148 0.3525
1.6176579732212417  1.634006212218339 0.3526
1.6170530821131874  1.6334176440016097 0.3535
1.6163641868724945  1.6328222964591979 0.3542
1.6157756038611428  1.6322395559953407 0.3544
1.6151512190396764  1.6316710961998582 0.3549
1.614477746217896  1.6311000756776564 0.3559
1.6138724079900733  1.6305486212291274 0.356
1.6133015696462027  1.6300094320951297 0.3569
1.6127342162382892  1.6294747823319997 0.3585
1.6120845910187487  1.6289378903825122 0.3591
1.6113945524401652  1.6284104732002753 0.3593
1.6107672775489856  1.6278936592102728 0.3596
1.610131727441086  1.627375577124648 0.3601
1.6095340271516914  1.6268737835726155 0.3622
1.6088097119478408  1.6263656013072196 0.3631
1.608078854305079  1.6258605686036665 0.364
1.60733671820607  1.6253593324324178 0.3646
1.6066560575700324  1.6248678715468636 0.365
1.6059348423243343  1.6243819190610487 0.3656
1.6053071797588283  1.623906898859876 0.3666
1.604663792389456  1.6234313886357548 0.3665
1.603948478470917  1.6229543798341473 0.3674
1.6032600652384776  1.6224775900558717 0.3681
1.602628916450021  1.6220043543223324 0.3693
1.6019762960347175  1.6215273716479703 0.3695
1.6013418499394285  1.6210596109610809 0.3704
1.6006949716458152  1.6206019306013113 0.371
1.6000336017400738  1.6201487959669862 0.3721
1.5994029890371975  1.6196981788581797 0.3727
1.5987833375090788  1.6192517237220052 0.3728
1.598201545158962  1.6188142921835982 0.3737
1.5975919852542189  1.6183684323991752 0.3743
1.597081117154297  1.617940262303292 0.3745
1.5965903422054322  1.6175195740832724 0.3743
1.59605427837187  1.6170911218539052 0.375
1.5955361468658167  1.6166770982805574 0.3758
1.595046147380617  1.6162666898160694 0.3762
1.5944988346575404  1.6158524432678207 0.3769
1.59397119929264  1.6154552724900673 0.3775
1.5934292600987192  1.615051634760686 0.3782
1.5928860479234797  1.6146607885375008 0.3785
1.5924066325378607  1.6142677867037536 0.3787
1.5918208749309095  1.6138708199568048 0.3791
1.5912614797863867  1.6134811481858986 0.3798
1.5908062206535574  1.6130922630248303 0.3797
1.5902846260660033  1.6127053258000486 0.3803
1.5897316758939948  1.6123141887891124 0.3807
1.5892624666880837  1.6119417242701408 0.3815
1.5887093858288786  1.6115702560808205 0.3822
1.588241435592308  1.6112080889676477 0.3826
1.5877196720313531  1.6108429541473903 0.3827
1.5872618916889463  1.6104881286050239 0.3831
1.586675830030669  1.6101334904459055 0.3833
1.5861084195095578  1.6097780591768136 0.3835
1.585582009587048  1.609434532716117 0.3839
1.5851116377256573  1.6090980167068338 0.384
1.584556266341739  1.6087479111595404 0.3844
1.58392503742757  1.6084060954644308 0.3847
1.5834049398208798  1.6080673973693846 0.385
1.5828305590090752  1.6077291017225477 0.3848
1.5823767618720723  1.6073956734940076 0.385
1.581843702509423  1.6070544223810106 0.3849
1.5813832343820458  1.606720537231264 0.3854
1.5809025970782997  1.606379786456636 0.3854
1.5803768936711553  1.6060484466823681 0.3854
1.5799332366089072  1.605725535542556 0.3853
1.5794554919523296  1.6053914812376298 0.3859
1.5788937481116554  1.60505495752972 0.3858
1.5784777610777352  1.604742771099495 0.3863
1.5780280103068371  1.6044265265789683 0.3861
1.5775499153262074  1.6041198271628776 0.3859
1.5770640104574498  1.6038095101081686 0.3863
1.5765141210572777  1.6034983477956828 0.3867
1.5760248720235228  1.6031967575067338 0.3866
1.5755373806710635  1.6028948007685284 0.3867
1.5750357654567884  1.602593351317404 0.3871
1.574625776354198  1.6023047739512533 0.3873
1.5741784398447802  1.6020117529124984 0.3877
1.5737161179164578  1.6017232866718814 0.3876
1.5733230350980112  1.6014497654640742 0.3879
1.5728520335807665  1.6011701546669193 0.3881
1.5723499029393408  1.6008890490814094 0.3883
1.5718757189245076  1.6006185750368138 0.3884
1.5713599899565385  1.6003423787670243 0.3892
1.5709530712000948  1.6000828365570772 0.3896
1.5704433075897264  1.5998219143088988 0.3901
1.569933556007274  1.5995582910917738 0.391
1.569465298802342  1.5992983772725122 0.3913
1.5690653323826957  1.5990547924937888 0.3914
1.568624410807294  1.5988025615059513 0.3914
1.5682129992430587  1.5985542297954431 0.3918
1.5678079264322726  1.5983027486989905 0.3916
1.5674057601492641  1.598060178332739 0.3917
1.5669808621059087  1.5978133385298043 0.3916
1.5665754124719486  1.597575003176264 0.3922
1.566232843033088  1.5973357006910278 0.3921
1.5658173193684073  1.5970973198538605 0.3917
1.5655078514641978  1.5968655174006527 0.392
1.565128115000866  1.5966333271539543 0.3923
1.5647343898288781  1.5964039271566446 0.3927
1.5643656877658987  1.5961733727423757 0.393
1.5639774724360629  1.595943337872817 0.3933
1.5636770989021809  1.5957248665751285 0.3935
1.5632824294357708  1.5954971979049686 0.3936
1.5628924111011766  1.595271808334161 0.3937
1.5625187321410532  1.5950478084782609 0.3938
1.5621632716978862  1.594826568707324 0.3937
1.5617903647628324  1.5946070397965806 0.3936
1.561436665448105  1.594392762634524 0.3932
1.5611181088524753  1.594182413860757 0.3929
1.5608610340732654  1.5939763446054804 0.393
1.5605352551230258  1.5937722547535822 0.3931
1.5601945420207575  1.5935687520842368 0.3934
1.559847804768615  1.593366310461472 0.3934
1.5594957974983323  1.5931662982481583 0.3934
1.5592213425891888  1.592974180137196 0.3936
1.5588363079191037  1.5927790675121074 0.3934
1.55844223025921  1.5925862106749133 0.3931
1.5580488344555752  1.5923966742173497 0.3931
1.5576940650598576  1.5922037805012912 0.3933
1.5573962820987628  1.5920162432364275 0.3936
1.5570414920398796  1.5918273673213619 0.394
1.5567146884725627  1.591640681213302 0.3943
1.556469361577202  1.5914594019556407 0.3941
1.5562045486567062  1.5912778119235746 0.3943
1.555952941420708  1.591099430578626 0.3947
1.5556807033171853  1.5909232011962895 0.395
1.5554329337987085  1.5907458818975022 0.3946
1.555182370610396  1.5905715959866165 0.3945
1.5549077626553973  1.590395465505766 0.3943
1.5546511170017976  1.590223066051978 0.3949
1.554467410449555  1.5900596521383543 0.3947
1.5541877110002595  1.589889168573078 0.3945
1.5539737166423961  1.589725565253301 0.3951
1.5537103021053549  1.5895644759016514 0.3959
1.553467557930824  1.5894065880425565 0.3958
1.5532077090384975  1.5892484782985121 0.3955
1.5529488933008526  1.589094451427479 0.396
1.5526522125826518  1.5889404512406817 0.3956
1.5524322890073694  1.5887970294655291 0.3958
1.552144957007486  1.5886518526636804 0.3967
1.5519152363370996  1.588507165721752 0.3972
1.5516671011358596  1.5883608087637011 0.3971
1.5514175262246725  1.5882100637091352 0.3972
1.5512259205930075  1.588061534349464 0.3978
1.5510245168116528  1.5879216604131468 0.3977
1.5508786617908379  1.587791380601015 0.398
1.5506473112838524  1.587649350391834 0.3979
1.5504572604937372  1.58750852538182 0.3983
1.5502915068054353  1.5873685181661847 0.3988
1.5501656477488677  1.587238877961853 0.3989
1.5499751260848464  1.587108142703215 0.3988
1.5497128130992752  1.5869865952775633 0.4
1.5495925535242119  1.5868615666077708 0.4001
1.549432439435943  1.5867301563844791 0.3999
1.549255309576427  1.5866058871358757 0.3995
1.5490921340519843  1.5864770195916917 0.4001
1.5489547803768777  1.5863528895147612 0.4003
1.5488482056770476  1.586237714370951 0.4003
1.5486518397838456  1.5861196596055334 0.4004
1.5485004126644377  1.585994244167761 0.4003
1.5484236961283429  1.5858813156433647 0.4004
1.548245400086094  1.5857679913542855 0.4005
1.5481406761547785  1.5856468770730408 0.4008
1.5480228992158611  1.58552715393705 0.401
1.548000350606362  1.5854089053097686 0.4008
1.5478337491313316  1.5852891642487794 0.4009
1.5477051533574429  1.5851725497476057 0.4006
1.5476331367552494  1.585053242525546 0.4
1.5475258157082006  1.5849325361884334 0.3997
1.5474870443289586  1.5848161459730106 0.4003
1.5473541962521444  1.5846959521143205 0.4003
1.5472751584705655  1.5845854110130924 0.4004
1.547129795527466  1.5844653749086968 0.4008
1.5469831620340708  1.584353077478653 0.4003
1.5469068443973677  1.5842348876194632 0.4004
1.546738054691992  1.584118895734458 0.4
1.5465838185912844  1.584002320707368 0.3997
1.5464389755238581  1.5838868714718544 0.4
1.5463403605898278  1.5837780810562758 0.3996
1.546155440633564  1.5836656257773647 0.3997
1.5460166220645508  1.5835487252369407 0.4002
1.5458795019132046  1.5834347752218862 0.4001
1.5457522350600783  1.5833205061927285 0.3999
1.545630708976909  1.5832074893215722 0.4009
1.545562481745901  1.5830997230717436 0.4
1.5454428167454932  1.5829910623912755 0.3999
1.5453372366407467  1.5828815853178135 0.3998
1.545257961258786  1.5827756760582812 0.3999
1.5452055965075644  1.582662843440355 0.4
1.5452407306409643  1.5825622667021941 0.4002
1.5452011688320406  1.5824546741388168 0.4
1.5451288315228122  1.582346649153869 0.3999
1.5450634595979362  1.5822409235962571 0.4002
1.5449439609397466  1.5821361229099036 0.4002
1.5447974434960485  1.58203132337596 0.4003
1.544665565367619  1.5819294811458957 0.4001
1.5444441604429795  1.5818248735830494 0.4001
1.5442321364729337  1.5817205156653662 0.4002
1.5440350355693415  1.5816242586434779 0.4003
1.5439293389722863  1.5815258696938022 0.4007
1.543726339292436  1.5814234857772227 0.4005
1.5435138649741973  1.5813230718021793 0.4003
1.5432886470926883  1.5812213653293727 0.4002
1.543115469257122  1.581122534338197 0.4004
1.5430097596738515  1.5810243341559618 0.4003
1.5427999962530645  1.5809240787783456 0.4008
1.5426148812073948  1.5808291251535618 0.401
1.5423459410135842  1.580729690628344 0.4013
1.5421465874962177  1.580634597664214 0.4011
1.5418811174339855  1.5805413923148623 0.401
1.5415859994873298  1.580446193632496 0.4012
1.5413660700502738  1.5803568061268483 0.402
1.5411214226019325  1.5802611792265142 0.4017
1.5408352139741632  1.5801652524887675 0.4015
1.5406319244166202  1.5800799780285462 0.4014
1.5404237679587223  1.5799841101098708 0.4015
1.5402047675655222  1.5799051511076951 0.4015
1.5400088032307977  1.5798272919388565 0.4011
1.539915267259205  1.5797535216891707 0.4011
1.5397860316443872  1.5796665105659056 0.4022
1.5396727316506433  1.579585057179341 0.4019
1.5395136665308875  1.5794953814155712 0.4014
1.539445795956282  1.5794182668750878 0.4014
1.5392015804135635  1.5793232958161856 0.4016
1.5391653350950587  1.5792473399585192 0.4019
1.5390138558450965  1.579167342473244 0.4014
1.5388627423973311  1.5790735865607128 0.4014
1.5387540887056375  1.5789870247399884 0.4012
1.5387305858156852  1.5789132192012414 0.4011
1.5385714522652865  1.578833800565124 0.4013
1.5384145297682503  1.578748007023096 0.4009
1.5383451484899269  1.5786691639743502 0.4015
1.538352227271709  1.578598227220788 0.4016
1.5382865647692094  1.5785178495020178 0.4017
1.5381710994267372  1.5784366706325481 0.4016
1.5380611003073108  1.5783576138181619 0.4017
1.5380725178987324  1.5782929329365605 0.4016
1.5379680034957326  1.5782194341522444 0.4014
1.5378186600553636  1.578136736847262 0.4014
1.537665603850592  1.5780648145508622 0.4017
1.5376096637695873  1.578004332254867 0.4015
1.5374412520927077  1.5779273114927743 0.4017
1.5372218309767305  1.57784977601701 0.4018
1.5371138847236185  1.577787036365415 0.4016
1.5368541820604318  1.5777088644578912 0.4019
1.5366073595643215  1.577629889131378 0.4018
1.5364605297620895  1.577570489711461 0.402
epoch train_loss test_loss  accuracy
1.5224827071559905  1.5826546859931516 0.3969
1.5294106760783148  1.5796546391031348 0.4002
1.5319057738074122  1.578156894572823 0.4029
1.5318843745471844  1.5770698185867396 0.4045
1.5316420666946662  1.5764950041320809 0.4017
1.532429042928096  1.575863906093213 0.4008
1.532660297960313  1.5755507964806643 0.4002
1.5323450769799054  1.5752935825298422 0.4008
1.5351836492036526  1.5750174943584168 0.3977
1.53617976390219  1.5746241010651238 0.3985
1.537240609650402  1.5742616599435475 0.4006
1.5387566834388668  1.5740128445307364 0.4008
1.5397597599528028  1.5738020511961732 0.3995
1.5398453540256707  1.5735570693446657 0.4006
1.5403255693181377  1.57330660822327 0.4006
1.541703112727921  1.5730316213555653 0.4004
1.5422979101405714  1.572845903536423 0.4009
1.5434632997904696  1.5727225503082316 0.4014
1.5444698702756794  1.5726275537535652 0.3996
1.5453409247183616  1.5725674257704694 0.3999
1.5456056571305805  1.5724900482471935 0.4015
1.5447203407807695  1.5725133816437409 0.4
1.5441599838086393  1.5725097009021491 0.4003
1.545232311654928  1.5725522675946695 0.3997
1.5450599929822222  1.572614581762028 0.3991
1.5460395291133633  1.5726490080963134 0.3991
epoch train_loss test_loss  accuracy
1.5439239459805496  1.5718083221893406 0.3992
1.54250688891154  1.5715293996571555 0.4009
1.5418613281646056  1.5713399561200991 0.4009
1.5417201607029953  1.5712300948252125 0.4013
1.5412457305289848  1.5711025209239624 0.401
1.5408173030309593  1.5709937434670178 0.4009
1.5405202668538076  1.5708889066013003 0.4008
1.5402044849557763  1.5708047634673281 0.4007
1.5399351037734963  1.5707124189495123 0.4008
1.539932513675707  1.570636664008511 0.4009
1.5398572583697554  1.570562759521871 0.4009
1.5396832224993282  1.5705004201377522 0.4008
1.5396287265733941  1.5704494104963302 0.4007
1.5395131130369226  1.5703950453483901 0.4006
1.5394072376160193  1.5703493024285833 0.4005
1.5392224545012276  1.5703051060381745 0.4006
1.5390793038361181  1.5702643594289234 0.4009
1.5389800190423  1.5702312907499272 0.4005
1.5388789815041353  1.5701913952858868 0.4005
1.5387908401724137  1.5701514428889343 0.4005
1.5386722979838392  1.5701113623035072 0.4004
1.5384749522457384  1.5700725775123134 0.4003
1.53833250156923  1.5700369731200348 0.4005
1.5381904883827844  1.5700049538396523 0.4006
1.5380663901525444  1.5699722231020752 0.4006
1.5380074861440207  1.5699448801689986 0.4005
1.537891360710745  1.5699135910398625 0.4007
1.5378003897384191  1.5698846488807041 0.4008
1.5377487366444769  1.5698632162355768 0.4009
1.537641435802575  1.5698351081914854 0.4011
1.5375430842131141  1.5698095242173917 0.4013
1.5374853771717258  1.5697869104468023 0.4016
1.5375031154343866  1.5697671415356171 0.4014
1.5374249675882623  1.5697409310310249 0.4016
1.5373337338581754  1.5697167487728434 0.4013
1.5372325198116819  1.569692570638597 0.4014
1.5371508374073368  1.569669354633642 0.4012
1.5370979866489174  1.5696499178094196 0.4013
1.5369862911554064  1.5696259944315567 0.4012
1.5368863059779978  1.5696040267662255 0.4011
1.536791477606899  1.569585555521399 0.4012
1.536690431668788  1.5695692833548793 0.4011
1.536593320874711  1.569552147963962 0.4013
1.5364789601141398  1.569538214445031 0.4013
1.5363855713006689  1.5695217167895192 0.4012
1.536268244399772  1.5695021335091572 0.4011
1.5361492188974122  1.5694816659232802 0.4012
1.5360413501646952  1.5694613799232975 0.4013
1.535951005706453  1.5694429269781314 0.401
1.5358479305614054  1.569425845619239 0.4011
1.5357679475945398  1.569401161207746 0.4011
1.5357208490154097  1.5693790324530958 0.401
1.5356317739935186  1.5693581034422193 0.4009
1.535553631132774  1.5693379927577735 0.4009
1.535469688414661  1.569318369221954 0.4009
1.5354121159103882  1.569302986995114 0.4008
1.535334644715216  1.5692855207327174 0.4007
1.5353716843254503  1.569273172107984 0.4007
1.5353203725233309  1.5692598171151875 0.4006
1.535257790185196  1.5692436420557767 0.4007
1.5351864117478609  1.5692318305609307 0.4009
1.535078786992005  1.5692206454497066 0.4008
1.5350081815923209  1.5692150058233196 0.4009
1.5348992059161883  1.5692077512545537 0.4009
1.5347717128819645  1.5692011925910938 0.4008
1.534632900362477  1.569194883166751 0.4007
1.534517904844116  1.5691910227851735 0.4009
1.5344205353759126  1.5691861618231688 0.4006
1.534307758842482  1.56917898645926 0.4004
1.5342187272246897  1.569173260181024 0.4007
1.5341312997565417  1.569169564386586 0.4008
1.5340352597542548  1.5691700883326183 0.4008
1.5339299699012587  1.5691673723304207 0.4008
1.5338691437059653  1.5691692477801884 0.4006
1.5338011488546603  1.5691645043431632 0.4006
1.5337058769022736  1.5691597387384073 0.4005
epoch train_loss test_loss  accuracy
1.5331450702901328  1.5691028489835275 0.3998
1.532800204370077  1.569071823629547 0.4001
1.5325443411547086  1.5690507784598502 0.4001
1.532339555117211  1.5690351810645533 0.3997
1.5321702152993366  1.5690229328114382 0.3997
1.5320248144536464  1.5690131736361563 0.3998
1.5318973654646417  1.5690050910626214 0.4001
1.5317849858827817  1.5689982509350158 0.3997
1.5316835354265341  1.5689923723572077 0.3996
1.5315907865251084  1.5689873638636795 0.3996
1.5315057773178395  1.5689830836096956 0.3995
epoch train_loss test_loss  accuracy
2.454385812625141  2.552274842679167 0.1001
2.3489423144039754  2.184523509694855 0.2012
2.3155640797137766  2.582763847554453 0.1246
2.061212967163326  2.1749045073423776 0.189
2.2203533157793625  2.128253488560478 0.2024
2.4449486449136093  2.191215508854178 0.2106
2.050777151487454  2.1364837243114927 0.2083
2.0462192070760605  2.2332087921415695 0.15
2.184293427390147  2.1467760871138273 0.2043
2.2084804658218466  2.1949744295123557 0.1972
2.1740068111223043  2.2061674656485053 0.2053
2.182035979254092  2.19691914176459 0.2037
2.1817798749909296  2.197457649908903 0.2068
2.176036508455251  2.1909334761329515 0.2021
2.1863052997594283  2.2361435083398917 0.2062
2.2050203511310666  2.2002100804128144 0.2036
