epoch train_loss test_loss  accuracy
2.7274683130363875  2.2892952142943033 0.1844
2.6453839792856746  2.340988811308216 0.2078
2.443082584162249  2.1707585358845285 0.1799
2.220325657169816  2.196743008983401 0.1893
2.2472174726690617  2.1989659728632214 0.1869
2.253469932873181  2.223585476049259 0.1907
2.2789796929373587  2.2404267068958226 0.1902
1.9406160812771895  2.166882611813563 0.1639
2.2394627749060807  2.2700507449241414 0.2066
1.9345852250422835  2.139850963173442 0.1683
2.2082420068481117  2.2284486660022083 0.2092
1.9695611578284655  2.1339976047140565 0.1653
2.3503250323420755  2.1945600200483457 0.2095
2.081717625278539  2.1330480212305236 0.1589
2.3441885657458736  2.1849943759435466 0.2103
2.077102078776541  2.115921804030528 0.1668
2.284643029157348  2.1703657771981018 0.1929
2.019531415460175  2.1176731276500185 0.1545
2.251454488323365  2.163547413233584 0.1936
2.021590808929304  2.130048349297843 0.1556
2.245302714600121  2.156184543412143 0.211
2.0158798062189125  2.125043003324827 0.1557
2.2655961174892285  2.1496998947506083 0.2099
2.204303540814926  2.1429652526681946 0.2112
2.0150307173860127  2.122653767737638 0.144
2.21758987277523  2.1478411922859966 0.1948
2.023772537962058  2.1230681871989616 0.1449
2.18243592616969  2.14742499666714 0.1948
2.0169396461424154  2.1156181224713944 0.1599
2.020491159202289  2.116343716487141 0.1615
2.0164710131420853  2.1128985769608755 0.1619
2.218332560492437  2.1485717631779 0.196
2.043320680852753  2.1228735588847916 0.1539
2.019660791620954  2.1144048951736933 0.1509
2.032880224111885  2.1114203243965703 0.1509
2.1928864506534884  2.1049489598922433 0.2106
2.204021626622213  2.1270732136696773 0.1939
2.178909835172519  2.122422818831035 0.1942
2.1722242419434106  2.108845683824982 0.2087
2.1720612616532193  2.111436527873203 0.1909
2.205011488396402  2.1354617956097433 0.2122
2.016528285316888  2.1299666784832807 0.144
2.207358373614191  2.1408419828714016 0.2131
2.0642161802838563  2.133980770421225 0.1277
2.1991033123940262  2.127005591841038 0.2137
2.165435922084781  2.117241772297762 0.2111
2.038713799730816  2.1165535234139012 0.1546
2.020012583394758  2.116811394024456 0.1429
2.042434034334954  2.116880850688245 0.1585
2.1758574300408142  2.157271976130711 0.1955
2.17481480377257  2.1515946387159994 0.2129
2.1841313952063444  2.1525680140552566 0.2135
2.044062069639004  2.126446941931048 0.1595
2.032614305628113  2.1298094412098623 0.1674
2.0705966943156695  2.1196771246829407 0.1573
2.0691648232420454  2.1257292492853415 0.1582
2.0693134373134194  2.119187405036207 0.155
2.0724753119193444  2.125719094051587 0.1544
2.0967495390490902  2.127371383756716 0.1409
2.0724653360907666  2.1240168949841336 0.1608
2.227380161131095  2.127260923135854 0.2141
2.0687499680958354  2.1234746923579504 0.1527
2.066484080348864  2.1135781912526457 0.1407
epoch train_loss test_loss  accuracy
2.2505390403980337  2.295089482312904 0.1619
2.4486544784807998  2.3251490725469943 0.2062
2.0772843029920867  2.145265682618358 0.1573
2.3942552126678964  2.384873745499632 0.1914
2.07402844546672  2.140099072536216 0.1645
2.311248089194836  2.245492589969945 0.1894
2.0813806477680443  2.130812189215216 0.1391
2.263346799929737  2.189616956368053 0.1923
2.0663999096834016  2.1258045688507003 0.1436
2.274426058679335  2.1860454802238114 0.1947
2.273674905018489  2.167647837054611 0.1957
2.0704920851023965  2.1325114202421056 0.1366
2.2490272978836527  2.1884370510951863 0.195
2.2461494706934877  2.175734484821326 0.1949
2.2202416157022533  2.166898523680702 0.1959
2.0578376419780664  2.1160622203540496 0.1394
2.2636290721108705  2.131827258365167 0.2118
2.247193441456415  2.1288220025649225 0.212
2.0598600841701438  2.1115976017405296 0.1463
2.243679861501532  2.126420577309123 0.1954
2.086259014291319  2.1146988291910582 0.1303
2.228709228972433  2.122048558311042 0.1942
2.0626656260637266  2.1098420846544745 0.1348
2.2162304859548176  2.115275223221573 0.2131
2.234918677915498  2.115419392481269 0.2126
2.247200572930067  2.1075640829066473 0.2104
2.231292498568686  2.133086961194658 0.2142
2.2204549151877795  2.0973169958772186 0.1938
2.0583973790550036  2.11505344787977 0.1272
2.225495264787966  2.1213072648579647 0.1952
2.2133283370472197  2.1190506930829858 0.1943
2.2108017741519594  2.107874767211925 0.1938
2.217296215026128  2.0921501303124965 0.1934
2.0756099250291213  2.122471961019698 0.1223
2.172370955293038  2.089190307504701 0.2086
epoch train_loss test_loss  accuracy
2.0837511909108426  2.076741248729175 0.2089
2.09084213374052  2.0771226306155257 0.2087
2.096169906055024  2.0761631028642933 0.2081
2.100148091934872  2.075295235433069 0.2083
2.1037725478530436  2.0753677076864885 0.2079
2.1088129714472488  2.0757338804478467 0.2075
2.11747424639521  2.076092541931724 0.2071
2.128422189091841  2.0761004876115874 0.2075
epoch train_loss test_loss  accuracy
2.1283100007268407  2.076106760557496 0.2075
2.1282113165164653  2.076112322932562 0.2075
2.1281253676766254  2.0761171416420927 0.2074
2.1280514256212837  2.0761211863424385 0.2074
2.127988800356441  2.0761244284869242 0.2074
2.1279368388675697  2.076126840473701 0.2073
2.1278949235170113  2.07612839490973 0.2073
2.1278624704614657  2.0761290640082795 0.2073
2.127838928092426  2.0761288191388045 0.2073
