epoch train_loss test_loss  accuracy
1.8792742165386744  1.8768498124865713 0.2361
1.793226457643496  1.8168429004783688 0.2523
1.7386008882917166  1.7809320108916014 0.2588
1.7011453402300638  1.7535023596717016 0.2658
1.674695768713167  1.73080254696814 0.2732
1.6543921991530783  1.7108961142211785 0.2916
1.6394420230179196  1.69343344738208 0.2977
1.6289520272593023  1.678387130265306 0.3025
1.6202413276283627  1.665504857894296 0.3065
1.6110865225743092  1.6546538428645616 0.3128
1.6024295646454954  1.6450374168970494 0.3428
1.5949058039112138  1.6368906571730077 0.3596
1.5878239099450422  1.6295230343053022 0.3684
1.5827156583366317  1.6233903495017648 0.3706
1.57731931098175  1.617883248210679 0.375
1.573718708090284  1.6131873278680484 0.379
1.567778204440281  1.6093834610772657 0.3834
1.5634722871939875  1.6061276015084487 0.3854
1.55966521166598  1.6030928630276855 0.391
1.5552463303648612  1.6004814891653447 0.3905
1.5502977009767467  1.5979050137102293 0.3919
1.5468031955039965  1.5955829383265596 0.3948
1.541508990400292  1.5935091700814181 0.3955
1.5372148443272284  1.5917745748513383 0.3968
1.5347099369581316  1.590301767971928 0.3986
1.5324273394500973  1.5888937334807969 0.4005
1.5302917933211162  1.5877275319384132 0.4
1.528859105203028  1.58649754429068 0.4017
1.528068096870454  1.585684721233245 0.4016
1.5262712237701168  1.5846803747181089 0.405
1.5259415493292867  1.5839734705904995 0.4048
1.5239177927408913  1.5832266478020895 0.4071
1.523242895304909  1.5826354828308904 0.4043
1.5217772319768363  1.5819537138713218 0.4059
1.5193915813196506  1.5813876137844582 0.4053
1.518461409267158  1.5807912927797034 0.4053
1.5164558813285527  1.5802529788766257 0.4063
1.5161779340869463  1.5797537149362249 0.405
1.5157063596396172  1.5793081901640091 0.405
1.5148024583048276  1.5788423905990125 0.4063
1.5145486605278904  1.5784706646266833 0.4047
1.513767529636026  1.5780075660173318 0.4066
1.5139225444985078  1.5776709887055536 0.4048
1.512733077277213  1.5772730013994432 0.4027
1.5119194905178863  1.5769656989320817 0.4035
1.512071656609825  1.5767733103580335 0.4038
1.5124939815778322  1.576562480379394 0.404
1.5126645936740089  1.5763045661887372 0.4039
1.5137286155282894  1.576260521831402 0.4052
1.5138633477798313  1.5760472688530351 0.4047
1.5149453485370727  1.575854602031204 0.4052
1.5149877573055648  1.5756778561632865 0.4059
1.5162248827930453  1.5755614104204732 0.4059
1.517103032291087  1.5754252148349257 0.4065
1.5176661864108143  1.575286664158859 0.4062
1.5188297305752247  1.575230682494913 0.4059
1.5187819570991505  1.5751231978446305 0.4051
1.5191873589873994  1.5749541209513571 0.4048
1.5187604983305174  1.5747863555973316 0.4058
1.519076041536948  1.5745702239895956 0.4061
1.5188100795134918  1.5743471343325266 0.4058
1.5190430674982816  1.5741102497637933 0.4062
1.518861161064648  1.573905343837719 0.4049
1.5196976665413073  1.5736379154079405 0.4046
1.5201166154151384  1.5734718871045006 0.4044
1.520391378541668  1.573342069131341 0.4034
1.5203674927708215  1.5732723371537212 0.404
1.5206126385141883  1.5731268208835552 0.4033
1.52123604184698  1.5731123231431292 0.4022
1.5211698598654209  1.5729761012799124 0.4007
1.5197017856266406  1.5728945454342993 0.4005
1.5195560282734906  1.5727997647274996 0.4015
1.520157444402976  1.5726152678442702 0.402
1.5199950921837473  1.5724238919083742 0.4014
1.5204787236161403  1.572425533846684 0.3999
1.5211295938158582  1.5723855745628805 0.3991
1.5203437242307327  1.5723268456545352 0.3988
1.5214570998538326  1.5723154597857478 0.3985
1.5220468986622417  1.572245292395263 0.3984
1.5222291316221401  1.5722002440358782 0.398
1.5226401158575016  1.5721539796608992 0.3983
1.5232804185542308  1.5720940177739515 0.3969
1.5239725745225723  1.5721352988062751 0.397
1.5238899710606522  1.5721300518404104 0.3973
1.5239870930850656  1.5721236980327715 0.3965
1.5236890197047661  1.5721348340101506 0.3967
1.5238252005731898  1.5721068194912569 0.3959
1.5241763134040986  1.5720365683991382 0.3958
1.5247906907491695  1.5719950354255106 0.3959
1.525243237072327  1.571984612003834 0.3949
1.5255654712411173  1.572027029356531 0.3954
1.5262075646233324  1.5720393437377418 0.3961
1.5263631236790378  1.5720312272655756 0.3951
1.5268572646689045  1.5720660286035375 0.3951
1.5277923137261329  1.5721291914562743 0.3951
1.5283696011472792  1.5721645695670963 0.3945
1.528975967244465  1.5722256864577486 0.3948
1.5299925768792157  1.5721708615222896 0.3946
1.5308231334280051  1.5722422281566664 0.3943
1.5315749390245168  1.572273858634651 0.3944
epoch train_loss test_loss  accuracy
2.3025397337022784  2.3000935184400224 0.1135
2.3016014844574593  2.296085381850851 0.1135
2.2997963419075584  2.290672437949632 0.1135
2.2973032382660055  2.2843371563141903 0.1135
2.2942939433320917  2.2774607938228075 0.1135
2.2909365319570534  2.270167891101518 0.1135
2.287325848549795  2.2626281188358432 0.1135
2.2835235650802725  2.2550091930522678 0.1135
2.2795627276710686  2.247352694298254 0.1135
2.2754761711128637  2.2397298690167764 0.1135
2.2713406420258857  2.2321904083588375 0.1135
2.267141522490942  2.2247816318222258 0.1135
2.2629066386543872  2.217488402887741 0.1135
2.258649416088243  2.2103415561433724 0.1139
2.254401922431886  2.2033517002851237 0.115
2.250147648808492  2.19655214624841 0.1157
2.2459648869560245  2.1899418942665654 0.1169
2.241803834911881  2.1835852283923765 0.1192
2.2376697732362025  2.1774491825432336 0.1211
2.233598857030042  2.171525742854156 0.1242
2.2295978772400704  2.1657979899827 0.1274
2.225661020780563  2.1602763408603125 0.1306
2.2217957079377473  2.1549521810350143 0.1347
2.2179806393326658  2.149811801932741 0.138
2.2142236046877946  2.1448607863238145 0.1415
2.2105176228724215  2.1400839720364906 0.1452
2.206870811125618  2.135483392840995 0.1474
2.2033238991636916  2.1310542150693537 0.1504
2.1998308980586034  2.1267744824695907 0.1549
2.1963936658669243  2.122636854954782 0.1575
2.192989784251287  2.1186527447572376 0.1607
2.189637037499048  2.1148131354106763 0.163
2.18634156948809  2.1110943371165947 0.1688
2.183103335809242  2.107485510821506 0.174
2.1799042572489453  2.104003875234854 0.1764
2.1767462123157575  2.1006319755787985 0.1791
2.173626659309105  2.0973644723740956 0.1822
2.1705637747100064  2.09419891696764 0.1846
2.1675468836642406  2.091131012973737 0.1846
2.164577304123201  2.088152354118089 0.1883
2.1616420235880534  2.08526600491147 0.1904
2.1587402317357394  2.0824659800562415 0.1927
2.1558920266971158  2.079735544573413 0.1939
2.153105418998225  2.0770824789706297 0.1976
2.1503649510647924  2.074499529124794 0.1996
2.1476592563270027  2.071988100789137 0.2014
2.144996318570418  2.0695430799525396 0.2042
2.142352091665688  2.067159591565603 0.2053
2.139738962848996  2.0648270444100514 0.2075
2.1371846513779817  2.0625503013801825 0.2089
2.134664447391022  2.0603266402176184 0.2104
2.1321698927802397  2.0581503184046475 0.2122
2.1297167953720657  2.056022286981992 0.2128
2.127317236147502  2.0539390708013814 0.2138
2.1249505288240615  2.051900291805779 0.2146
2.1226157054893005  2.0499071301793967 0.2165
2.1203300659327327  2.047958021859655 0.2178
2.1180766033490546  2.046054044771831 0.2173
2.115863779362417  2.044184746052317 0.2173
2.113677742648868  2.0423529905787414 0.2185
2.1115214932370026  2.040561085871898 0.2196
2.109399109183762  2.0388030173943608 0.22
2.107310203103222  2.0370745630126694 0.2211
2.1052428683999653  2.035377943520417 0.2233
2.1032039401477767  2.0337112444744534 0.2234
2.101189402913937  2.0320753664473865 0.2244
2.099190809303135  2.030469477656277 0.2247
2.09722940602022  2.0288898092109697 0.2254
2.09530883527519  2.027340167663752 0.2253
2.0934057175948326  2.0258169370064136 0.2248
2.09152522104076  2.0243190917172718 0.2256
2.0896752517457853  2.022847184322146 0.226
2.087872405324936  2.0214035143353017 0.2257
2.0860805093159573  2.019981791181118 0.2265
2.084314676748751  2.0185812564839987 0.2269
2.0825729619039954  2.017204542927973 0.2271
2.0808430025049014  2.015849890680676 0.2277
2.0791488923460384  2.014516361651673 0.2285
2.077489643642105  2.0132035433987436 0.2287
2.0758516716584254  2.01191099884439 0.2302
2.074215372781214  2.0106369559615986 0.23
2.072599919142363  2.009380203345034 0.231
2.0710324018027335  2.0081437674544738 0.232
2.069477081015192  2.0069258094862477 0.2325
2.0679417676450345  2.005726323743285 0.2322
2.0664262741962673  2.0045423704475813 0.2323
2.0649215387587527  2.0033756667634037 0.2331
2.06342943011128  2.0022265109869535 0.2333
2.0619503914407837  2.001091243717275 0.2338
2.060484143028635  1.9999704487544667 0.2338
2.0590528387938907  1.9988636436924112 0.2344
2.0576256019616195  1.9977696937605287 0.235
2.0562247544635937  1.9966901726560655 0.2359
2.0548517132898705  1.9956282632825275 0.2356
2.0535045175354862  1.9945795437463538 0.2356
2.052164585013822  1.9935427415151419 0.2359
2.0508249480614094  1.9925178963705628 0.2362
2.0494928510732224  1.9915057941175793 0.237
2.048191153997319  1.9905060173721634 0.2372
2.046886937682523  1.989519486230633 0.2369
2.045603976537172  1.9885448972831823 0.2366
2.0443466946483326  1.9875799785154202 0.2372
2.0430991239804435  1.986626041051885 0.2369
2.041873539648329  1.9856815396758953 0.2375
2.040653594967331  1.984747921924355 0.238
2.039446054955295  1.9838243271218468 0.2378
2.0382519752118355  1.9829109904245092 0.2381
2.037065535587521  1.982007372557791 0.2382
2.0358951719208487  1.9811126226235551 0.238
2.0347364033435356  1.9802260033168066 0.2386
2.033588449518286  1.9793476359381827 0.2384
2.032422153333387  1.9784772459983844 0.2382
2.0312761589870996  1.9776165498897713 0.2379
2.0301366007160566  1.976763649220053 0.2385
2.0290241408167566  1.9759199719317433 0.2387
2.0279239453013513  1.9750861765745005 0.2387
2.0268213485202753  1.9742603673041277 0.2388
2.0257341286625388  1.973441251090387 0.238
2.0246543640913774  1.9726287260090964 0.2381
2.0235746560047194  1.9718245655319337 0.238
2.0225045381845184  1.9710299238280058 0.2373
2.0214506250607935  1.970242509423774 0.2366
2.0204026491806055  1.9694617989319314 0.2384
2.0193606388492644  1.968688274558301 0.2281
2.018322107853852  1.9679198701823244 0.2269
2.017301785980164  1.967158312709927 0.2274
2.0162882880123436  1.9664020507020614 0.2268
2.0152866283692186  1.9656541939129384 0.2266
2.014288503504788  1.964911743976799 0.2268
2.013330164531471  1.9641749084103106 0.2276
2.012392807853434  1.9634429520933288 0.2284
2.0114607234842214  1.962715888499825 0.2291
2.0105233375730833  1.9619944135721914 0.2297
2.009592641722651  1.9612789354986668 0.2301
2.0086669070621395  1.9605683738685606 0.2304
2.007755503838356  1.959863414292593 0.2306
2.006848558191717  1.959163511936899 0.2308
2.0059370517454433  1.9584694174555057 0.2308
2.0050208840334665  1.9577800934355498 0.2308
