epoch train_loss test_loss  accuracy
2.304012579069442  2.3012813484849723 0.1028
2.30406796235155  2.3011743988117193 0.1135
2.304119963524714  2.3010399978490073 0.1135
2.3041648266558914  2.3008620289853474 0.1135
2.3041955542664194  2.300617276504085 0.1135
2.3042008206266282  2.300271439347392 0.1135
2.304162267738397  2.2997729205746684 0.1135
2.3040501053588205  2.299042982612437 0.1135
2.303815869214185  2.2979599952858343 0.1135
2.303380402156994  2.296334152647395 0.1135
2.3026138650356  2.293867237950594 0.1135
2.301302855140546  2.2900906315513847 0.1135
2.299098366686009  2.284277540905767 0.1135
2.2954413165500296  2.275343884167148 0.1136
2.289481550970283  2.2618107887695604 0.1197
2.2800634394433033  2.242017129425086 0.1411
2.2659440378259075  2.2148371606519386 0.1653
2.24639768597136  2.1808077476288643 0.1862
2.2219697391310627  2.142687013148145 0.2033
2.1946027559012036  2.1043860912490118 0.2194
2.1667499182155687  2.069034588372596 0.2374
2.1402864992277526  2.0380222884478916 0.2498
2.1161162922897585  2.0113588938191134 0.2595
2.0943966695138467  1.9884174720032934 0.2646
2.0749009352136194  1.9684395772818541 0.271
2.0572719887086346  1.950752129769171 0.2777
2.0411501879248597  1.934822890386072 0.2817
2.026223326299292  1.9202520933269662 0.2847
2.012238899130629  1.9067467016742197 0.2876
1.9990009732450658  1.8940944891464686 0.2904
1.9863620445577646  1.8821427344092365 0.296
1.9742141534684359  1.870781931385721 0.2991
1.9624807670405602  1.8599336909910784 0.3027
1.951109808851327  1.8495418586930732 0.3058
1.9400678163864267  1.839566023066371 0.3072
1.929335101766913  1.829976785017919 0.3097
1.9189017908980486  1.8207523235371612 0.3126
1.908764637469459  1.8118759199575463 0.3145
1.8989245230952487  1.8033341938604863 0.3155
1.8893845588147877  1.7951158681283457 0.3169
1.8801487009007063  1.787210925915214 0.3196
1.8712207915257004  1.779610054640225 0.3227
1.8626039363248423  1.7723042960734439 0.3236
1.8543001374559651  1.7652848402139572 0.3251
1.8463101115000342  1.7585429157444055 0.3265
1.8386332345435283  1.752069742288695 0.3274
1.8312675700635255  1.7458565198746983 0.3281
1.8242099472903626  1.7398944390617155 0.3285
1.817456067709064  1.7341747012666573 0.3297
1.8110006250261879  1.7286885431287942 0.3304
1.80483742942947  1.7234272615953108 0.3317
1.7989595306761617  1.7183822381378224 0.3321
1.7933593368998306  1.7135449614604432 0.3318
1.7880287274323885  1.7089070485164761 0.332
1.782959158730722  1.7044602638253028 0.3324
1.7781417629212972  1.7001965371161478 0.3328
1.773567438698518  1.6961079793065938 0.3342
1.7692269344378821  1.6921868967962903 0.3345
1.7651109234721087  1.6884258040394373 0.335
1.761210071556727  1.684817434358455 0.3366
1.7575150966317263  1.681354748973661 0.3364
1.7540168210687632  1.678030944245405 0.3375
1.7507062166754108  1.6748394571513316 0.3373
1.7475744428039883  1.6717739690485403 0.3375
1.7446128779783703  1.6688284077956679 0.3377
1.7418131455044954  1.665996948331735 0.3379
1.7391671335676329  1.6632740118260196 0.3377
1.7366670103413684  1.6606542635260584 0.3393
1.7343052346406527  1.6581326094391025 0.3401
1.732074562645608  1.6557041919864446 0.3413
1.729968051206214  1.6533643847703599 0.3424
1.7279790582126522  1.651108786590624 0.3436
1.7261012404842624  1.648933214842204 0.344
1.7243285495938878  1.6468336984183778 0.345
1.7226552260056511  1.6448064702347343 0.3466
1.721075791864558  1.6428479594797392 0.3475
1.7195850427370614  1.6409547836872291 0.348
1.718178038563832  1.6391237407156969 0.3488
1.7168500940501528  1.6373518007088164 0.3493
1.7155967686862172  1.6356360981016018 0.3493
1.7144138565592904  1.6339739237270299 0.3497
1.7132973760924504  1.632362717069042 0.3505
1.7122435598204397  1.6308000586996316 0.3505
1.7112488442918863  1.6292836629302896 0.3505
1.7103098601687066  1.6278113707013966 0.3505
1.709423422577654  1.6263811427272548 0.3515
1.7085865217554685  1.6249910529092828 0.3525
1.707796314017718  1.6236392820254133 0.3527
1.7070501130719682  1.6223241116999143 0.3526
1.7063453816880554  1.6210439186546224 0.3528
1.7056797237319028  1.61979716923987 0.3534
1.7050508765641312  1.6185824142411824 0.354
1.704456703800637  1.6173982839560215 0.3555
1.7038951884291442  1.616243483533439 0.3559
1.7033644262732068  1.6151167885684035 0.3564
1.7028626197933956  1.6140170409417585 0.3569
1.7023880722140134  1.6129431448961806 0.3575
1.7019391819628087  1.6118940633381398 0.3572
1.701514437410604  1.6108688143556504 0.3578
1.7011124118974428  1.6098664679415409 0.3582
epoch train_loss test_loss  accuracy
2.304012579069442  2.3012813484849723 0.1028
2.30406796235155  2.3011743988117193 0.1135
2.304119963524714  2.3010399978490073 0.1135
2.3041648266558914  2.3008620289853474 0.1135
2.3041955542664194  2.300617276504085 0.1135
2.3042008206266282  2.300271439347392 0.1135
2.304162267738397  2.2997729205746684 0.1135
2.3040501053588205  2.299042982612437 0.1135
2.303815869214185  2.2979599952858343 0.1135
2.303380402156994  2.296334152647395 0.1135
2.3026138650356  2.293867237950594 0.1135
2.301302855140546  2.2900906315513847 0.1135
2.299098366686009  2.284277540905767 0.1135
2.2954413165500296  2.275343884167148 0.1136
2.289481550970283  2.2618107887695604 0.1197
2.2800634394433033  2.242017129425086 0.1411
2.2659440378259075  2.2148371606519386 0.1653
2.24639768597136  2.1808077476288643 0.1862
2.2219697391310627  2.142687013148145 0.2033
2.1946027559012036  2.1043860912490118 0.2194
2.1667499182155687  2.069034588372596 0.2374
2.1402864992277526  2.0380222884478916 0.2498
2.1161162922897585  2.0113588938191134 0.2595
2.0943966695138467  1.9884174720032934 0.2646
2.0749009352136194  1.9684395772818541 0.271
2.0572719887086346  1.950752129769171 0.2777
2.0411501879248597  1.934822890386072 0.2817
2.026223326299292  1.9202520933269662 0.2847
2.012238899130629  1.9067467016742197 0.2876
1.9990009732450658  1.8940944891464686 0.2904
1.9863620445577646  1.8821427344092365 0.296
1.9742141534684359  1.870781931385721 0.2991
1.9624807670405602  1.8599336909910784 0.3027
1.951109808851327  1.8495418586930732 0.3058
1.9400678163864267  1.839566023066371 0.3072
1.929335101766913  1.829976785017919 0.3097
1.9189017908980486  1.8207523235371612 0.3126
1.908764637469459  1.8118759199575463 0.3145
1.8989245230952487  1.8033341938604863 0.3155
1.8893845588147877  1.7951158681283457 0.3169
1.8801487009007063  1.787210925915214 0.3196
1.8712207915257004  1.779610054640225 0.3227
1.8626039363248423  1.7723042960734439 0.3236
1.8543001374559651  1.7652848402139572 0.3251
1.8463101115000342  1.7585429157444055 0.3265
1.8386332345435283  1.752069742288695 0.3274
1.8312675700635255  1.7458565198746983 0.3281
1.8242099472903626  1.7398944390617155 0.3285
1.817456067709064  1.7341747012666573 0.3297
1.8110006250261879  1.7286885431287942 0.3304
1.80483742942947  1.7234272615953108 0.3317
1.7989595306761617  1.7183822381378224 0.3321
1.7933593368998306  1.7135449614604432 0.3318
1.7880287274323885  1.7089070485164761 0.332
1.782959158730722  1.7044602638253028 0.3324
1.7781417629212972  1.7001965371161478 0.3328
1.773567438698518  1.6961079793065938 0.3342
1.7692269344378821  1.6921868967962903 0.3345
1.7651109234721087  1.6884258040394373 0.335
1.761210071556727  1.684817434358455 0.3366
1.7575150966317263  1.681354748973661 0.3364
1.7540168210687632  1.678030944245405 0.3375
1.7507062166754108  1.6748394571513316 0.3373
1.7475744428039883  1.6717739690485403 0.3375
1.7446128779783703  1.6688284077956679 0.3377
1.7418131455044954  1.665996948331735 0.3379
1.7391671335676329  1.6632740118260196 0.3377
1.7366670103413684  1.6606542635260584 0.3393
1.7343052346406527  1.6581326094391025 0.3401
1.732074562645608  1.6557041919864446 0.3413
1.729968051206214  1.6533643847703599 0.3424
1.7279790582126522  1.651108786590624 0.3436
1.7261012404842624  1.648933214842204 0.344
1.7243285495938878  1.6468336984183778 0.345
1.7226552260056511  1.6448064702347343 0.3466
1.721075791864558  1.6428479594797392 0.3475
1.7195850427370614  1.6409547836872291 0.348
1.718178038563832  1.6391237407156969 0.3488
1.7168500940501528  1.6373518007088164 0.3493
1.7155967686862172  1.6356360981016018 0.3493
1.7144138565592904  1.6339739237270299 0.3497
1.7132973760924504  1.632362717069042 0.3505
1.7122435598204397  1.6308000586996316 0.3505
1.7112488442918863  1.6292836629302896 0.3505
1.7103098601687066  1.6278113707013966 0.3505
1.709423422577654  1.6263811427272548 0.3515
1.7085865217554685  1.6249910529092828 0.3525
1.707796314017718  1.6236392820254133 0.3527
1.7070501130719682  1.6223241116999143 0.3526
1.7063453816880554  1.6210439186546224 0.3528
1.7056797237319028  1.61979716923987 0.3534
1.7050508765641312  1.6185824142411824 0.354
1.704456703800637  1.6173982839560215 0.3555
1.7038951884291442  1.616243483533439 0.3559
1.7033644262732068  1.6151167885684035 0.3564
1.7028626197933956  1.6140170409417585 0.3569
1.7023880722140134  1.6129431448961806 0.3575
1.7019391819628087  1.6118940633381398 0.3572
1.701514437410604  1.6108688143556504 0.3578
1.7011124118974428  1.6098664679415409 0.3582
1.7007317590317903  1.6088861429120003 0.3589
1.7003712082494342  1.6079270040103204 0.3594
1.7000295606189322  1.6069882591859395 0.3598
1.6997056848807752  1.6060691570391754 0.3605
1.6993985137078562  1.6051689844223467 0.3611
1.6991070401752448  1.6042870641883078 0.3617
1.698830314427776  1.6034227530778113 0.362
1.6985674405344307  1.602575439737464 0.3626
1.6983175735190315  1.6017445428604435 0.3622
1.698079916557259  1.6009295094425198 0.363
1.6978537183305125  1.6001298131463155 0.3629
1.6976382705276347  1.59934495276711 0.3637
1.697432905486011  1.5985744507938608 0.3637
1.6972369939639955  1.5978178520594792 0.3641
1.6970499430371124  1.5970747224747326 0.3649
1.696871194110862  1.596344647840486 0.3656
1.6967002210433926  1.5956272327333034 0.3655
1.6965365283717297  1.5949220994597417 0.3657
1.6963796496355315  1.5942288870749508 0.3657
1.6962291457928107  1.593547250461462 0.3661
1.6960846037222999  1.5928768594643257 0.3666
1.695945634807486  1.5922173980789713 0.3671
1.6958118735976733  1.591568563688425 0.3676
1.6956829765416392  1.5909300663467165 0.3673
1.6955586207897941  1.5903016281055131 0.3674
1.695438503060912  1.589682982381226 0.3673
1.695322338569839  1.5890738733599876 0.3674
1.695209860012706  1.5884740554380932 0.3684
1.695100816606437  1.5878832926956419 0.3686
1.6949949731795304  1.5873013584012623 0.3679
1.694892109311243  1.586728034545958 0.3676
1.69479201851651  1.5861631114042163 0.3677
1.6946945074740771  1.5856063871206678 0.3675
1.6945993952954792  1.5850576673206815 0.3684
1.694506512832616  1.5845167647433926 0.3682
1.6944157020218522  1.5839834988957553 0.3685
1.6943268152626387  1.5834576957263107 0.3687
1.6942397148288137  1.5829391873174399 0.369
1.6941542723108256  1.5824278115949548 0.3693
1.6940703680872147  1.5819234120539571 0.3696
1.6939878908238224  1.5814258374999617 0.3697
1.6939067369992376  1.5809349418043435 0.3701
1.6938268104551089  1.5804505836732388 0.3703
1.6937480219700134  1.5799726264290805 0.3706
1.6936702888556623  1.5795009378039926 0.3705
1.6935935345742603  1.5790353897443399 0.3707
1.693517688375943  1.5785758582257512 0.3707
1.6934426849552449  1.5781222230779957 0.3709
1.6933684641256148  1.5776743678191223 0.3717
1.6932949705110643  1.5772321794983102 0.3718
1.6932221532540677  1.5767955485469196 0.372
1.6931499657388767  1.5763643686372606 0.372
1.6930783653294907  1.5759385365486207 0.3718
1.693007313121506  1.5755179520401414 0.3723
1.6929367737071714  1.5751025177301323 0.3719
1.6928667149529686  1.574692138981465 0.3723
1.6927971077890902  1.5742867237926876 0.3721
1.692727926010215  1.5738861826945365 0.3722
1.6926591460870226  1.5734904286515443 0.3724
1.6925907469878927  1.5730993769684483 0.3724
1.692522710010292  1.5727129452011301 0.3722
1.69245501862136  1.5723310530718435 0.3728
1.6923876583072308  1.571953622388479 0.3732
1.692320616430653  1.5715805769676485 0.373
1.6922538820965005  1.5712118425613835 0.3733
1.6921874460247708  1.5708473467872424 0.3735
1.6921213004306928  1.5704870190616442 0.3743
1.6920554389115992  1.5701307905362596 0.3743
1.6919898563402196  1.5697785940372866 0.3747
1.6919245487640584  1.5694303640074643 0.3745
1.6918595133105778  1.5690860364506753 0.3744
1.6917947480978548  1.5687455488790045 0.3748
1.6917302521504867  1.5684088402621175 0.3754
1.691666025320421  1.5680758509788497 0.3755
1.6916020682125132  1.5677465227708829 0.3752
1.6915383821145238  1.567420798698404 0.3757
1.6914749689313737  1.5670986230976476 0.376
1.6914118311233912  1.5667799415402242 0.376
1.6913489716483967  1.5664647007941448 0.3758
1.691286393907376  1.5661528487864582 0.3762
1.6912241016935983  1.565844334567417 0.3762
1.6911620991449647  1.5655391082761057 0.3759
1.691100390699451  1.5652371211074456 0.3757
1.6910389810534525  1.5649383252805256 0.3761
1.6909778751228925  1.5646426740081782 0.3762
1.6909170780069578  1.5643501214677564 0.3764
1.6908565949542869  1.564060622773042 0.3766
1.6907964313315154  1.56377413394724 0.377
1.690736592594037  1.5634906118970036 0.3773
1.6906770842588505  1.5632100143874432 0.3772
1.6906179118793923  1.5629323000180737 0.3776
1.69055908102224  1.5626574281996575 0.3775
1.6905005972455787  1.5623853591319012 0.3778
1.6904424660793456  1.5621160537819674 0.3782
1.6903846930069377  1.5618494738637674 0.3783
1.6903272834484095  1.5615855818179956 0.3784
1.6902702427450764  1.5613243407928759 0.3786
1.69021357614543  1.56106571462559 0.3782
1.6901572887922967  1.5608096678243517 0.378
1.6901013857111817  1.5605561655511055 0.3779
1.6900458717996891  1.5603051736048223 0.3782
1.6899907518179997  1.5600566584053592 0.3783
1.6899360303803095  1.559810586977873 0.3786
1.689881711947187  1.5595669269377466 0.3785
1.6898278008187877  1.5593256464760252 0.3786
1.6897743011288728  1.5590867143453264 0.379
1.6897212168395788  1.5588500998462131 0.379
1.689668551736902  1.5586157728140078 0.3791
1.6896163094268324  1.5583837036060284 0.3792
1.6895644933321108  1.5581538630892333 0.3793
1.6895131066895657  1.5579262226282553 0.3797
1.6894621525479838  1.557700754073809 0.3798
1.6894116337664808  1.5574774297514606 0.3798
1.6893615530133446  1.5572562224507418 0.3796
1.6893119127653107  1.5570371054145964 0.3799
1.6892627153072386  1.5568200523291473 0.3799
1.689213962732164  1.556605037313771 0.3801
1.6891656569417002  1.5563920349114657 0.38
1.689117799646758  1.5561810200795065 0.3803
1.689070392368557  1.5559719681803743 0.3802
1.6890234364399184  1.5557648549729468 0.38
1.6889769330068036  1.555559656603946 0.3801
1.6889308830300784  1.5553563495996274 0.3804
1.6888852872874998  1.555154910857708 0.3806
1.6888401463758835  1.5549553176395206 0.381
1.6887954607134523  1.5547575475623865 0.3812
1.6887512305423407  1.5545615785922 0.3817
1.6887074559312472  1.55436738903622 0.3816
1.6886641367782074  1.5541749575360515 0.3813
1.6886212728134957  1.5539842630608258 0.3815
1.688578863602616  1.553795284900556 0.3819
1.688536908549399  1.5536080026596752 0.3818
1.6884954068991582  1.5534223962507443 0.382
1.688454357741941  1.5532384458883244 0.382
1.688413760015819  1.5530561320830087 0.382
1.688373612510243  1.552875435635612 0.382
1.6883339138694289  1.5526963376315046 0.3822
1.688294662595788  1.5525188194350954 0.3824
1.688255857053381  1.5523428626844524 0.3825
1.688217495471387  1.552168449286059 0.3826
1.688179575947597  1.5519955614097 0.3825
1.688142096451898  1.5518241814834783 0.3824
1.6881050548297825  1.5516542921889491 0.3824
1.6880684488058322  1.5514858764563768 0.3826
1.6880322759872108  1.5513189174601059 0.3827
1.687996533867132  1.5511533986140436 0.3829
1.6879612198283234  1.5509893035672493 0.3828
1.6879263311464612  1.5508266161996325 0.3829
1.687891864993582  1.5506653206177492 0.3827
1.6878578184414768  1.5505054011506976 0.3824
1.687824188465043  1.5503468423461109 0.3826
1.6877909719456163  1.5501896289662411 0.3826
1.687758165674256  1.5500337459841353 0.3829
1.6877257663550074  1.5498791785798978 0.3832
1.6876937706081119  1.5497259121370366 0.383
1.6876621749731833  1.5495739322388948 0.3829
1.687630975912348  1.5494232246651614 0.3831
1.687600169813323  1.5492737753884571 0.383
1.687569752992479  1.5491255705710016 0.3833
1.6875397216978179  1.548978596561349 0.3834
1.6875100721119425  1.5488328398911972 0.3838
1.6874808003549544  1.5486882872722672 0.3839
1.6874519024873067  1.54854492559325 0.3841
1.6874233745126208  1.5484027419168174 0.384
1.6873952123804337  1.5482617234767004 0.3841
1.6873674119889086  1.5481218576748266 0.3839
1.6873399691874944  1.5479831320785198 0.3838
1.6873128797795307  1.5478455344177586 0.3836
1.6872861395247991  1.547709052582493 0.3834
1.687259744142035  1.5475736746200157 0.3833
1.687233689311375  1.5474393887323885 0.3835
1.6872079706767664  1.5473061832739232 0.3838
1.6871825838483128  1.5471740467487132 0.3839
1.6871575244045796  1.5470429678082136 0.3837
1.6871327878948497  1.546912935248875 0.3839
1.687108369841315  1.5467839380098218 0.3841
1.6870842657412395  1.5466559651705776 0.3841
1.687060471069057  1.5465290059488366 0.3841
1.6870369812784203  1.5464030496982824 0.3842
1.68701379180422  1.5462780859064438 0.3846
1.6869908980645256  1.5461541041926 0.3845
1.6869682954625072  1.5460310943057212 0.3846
1.6869459793882893  1.5459090461224534 0.3849
1.6869239452207776  1.5457879496451425 0.3849
1.6869021883294195  1.545667794999892 0.385
1.6868807040759328  1.5455485724346651 0.3851
1.6868594878159833  1.5454302723174191 0.3853
1.6868385349008255  1.5453128851342761 0.3853
1.686817840678885  1.5451964014877293 0.3851
1.6867974004973192  1.5450808120948838 0.3852
1.686777209703515  1.5449661077857293 0.3852
1.6867572636465546  1.5448522795014474 0.3853
1.68673755767864  1.5447393182927485 0.3853
1.6867180871564784  1.5446272153182417 0.3854
1.6866988474426217  1.5445159618428326 0.3856
1.6866798339067692  1.5444055492361557 0.3857
1.6866610419270394  1.54429596897103 0.3857
1.6866424668911861  1.5441872126219465 0.3854
1.6866241041978014  1.5440792718635825 0.3854
1.6866059492574628  1.5439721384693441 0.3855
1.6865879974938434  1.5438658043099334 0.3856
1.6865702443448096  1.5437602613519434 0.3857
1.6865526852634576  1.5436555016564777 0.3856
1.6865353157191283  1.5435515173777936 0.3856
1.686518131198391  1.5434483007619728 0.3857
1.6865011272059878  1.543345844145614 0.3859
1.6864842992657458  1.5432441399545473 0.3859
1.6864676429214753  1.5431431807025742 0.3856
1.6864511537378017  1.5430429589902288 0.3855
1.6864348273010055  1.5429434675035598 0.3856
1.6864186592198067  1.5428446990129359 0.3858
1.6864026451261296  1.5427466463718713 0.3859
1.6863867806758428  1.5426493025158696 0.386
1.6863710615494656  1.5425526604612918 0.3859
1.6863554834528462  1.5424567133042402 0.3859
1.6863400421178154  1.542361454219465 0.3858
1.6863247333028184  1.5422668764592862 0.3857
1.686309552793518  1.542172973352536 0.3859
1.6862944964033642  1.5420797383035205 0.3859
1.6862795599741556  1.5419871647909948 0.3858
1.6862647393765633  1.5418952463671611 0.3859
1.686250030510644  1.5418039766566793 0.3857
1.686235429306316  1.5417133493556954 0.3857
1.6862209317238193  1.5416233582308883 0.3855
1.6862065337541605  1.5415339971185302 0.3856
1.686192231419528  1.5414452599235628 0.3857
1.6861780207736903  1.5413571406186906 0.3858
1.6861638979023692  1.5412696332434872 0.3859
1.6861498589235995  1.541182731903518 0.3857
1.6861358999880665  1.5410964307694768 0.3855
1.686122017279427  1.5410107240763347 0.3854
1.6861082070146018  1.540925606122506 0.3855
1.686094465444069  1.5408410712690275 0.3855
1.6860807888521228  1.5407571139387466 0.3855
1.6860671735571204  1.5406737286155283 0.3856
1.6860536159117174  1.5405909098434718 0.3855
1.6860401123030788  1.5405086522261415 0.3855
1.686026659153083  1.540426950425806 0.3855
1.6860132529184984  1.540345799162696 0.3857
1.6859998900911595  1.540265193214269 0.3857
1.6859865671981211  1.540185127414485 0.3857
1.6859732808017889  1.5401055966531012 0.3856
1.6859600275000564  1.540026595874965 0.3857
1.6859468039264154  1.5399481200793315 0.3857
1.685933606750048  1.539870164319182 0.3857
1.6859204326759254  1.5397927237005575 0.3857
1.6859072784448692  1.5397157933819023 0.3857
1.685894140833625  1.5396393685734164 0.3859
1.6858810166549085  1.5395634445364186 0.3858
1.685867902757441  1.5394880165827192 0.3857
1.685854796025982  1.539413080074002 0.3856
1.6858416933813487  1.5393386304212167 0.3858
1.685828591780415  1.5392646630839801 0.3859
1.6858154882161154  1.5391911735699855 0.3859
1.685802379717428  1.539118157434421 0.3857
1.6857892633493545  1.5390456102793992 0.386
1.6857761362128836  1.5389735277533907 0.3861
1.6857629954449553  1.5389019055506705 0.3862
1.6857498382184104  1.5388307394107699 0.3861
1.6857366617419236  1.538760025117938 0.386
1.685723463259951  1.53868975850061 0.386
1.6857102400526471  1.5386199354308832 0.386
1.6856969894357838  1.5385505518240028 0.3858
1.6856837087606602  1.538481603637852 0.386
1.685670395414009  1.538413086872452 0.3863
1.685657046817892  1.5383449975694672 0.3862
1.6856436604295837  1.538277331811721 0.3861
1.6856302337414668  1.538210085722713 0.3859
1.6856167642808952  1.5381432554661478 0.3857
1.6856032496100763  1.5380768372454698 0.3858
1.6855896873259244  1.538010827303402 0.3855
1.6855760750599336  1.5379452219214935 0.3855
1.6855624104780178  1.5378800174196732 0.3854
1.6855486912803699  1.5378152101558091 0.3851
1.6855349152012977  1.5377507965252748 0.3853
1.6855210800090668  1.5376867729605195 0.3853
1.6855071835057347  1.5376231359306474 0.3853
1.6854932235269773  1.5375598819410004 0.3853
1.6854791979419137  1.537497007532747 0.3853
1.6854651046529312  1.537434509282478 0.3853
1.6854509415954986  1.5373723838018059 0.3853
1.6854367067379794  1.5373106277369717 0.3853
1.6854223980814431  1.537249237768454 0.3852
1.6854080136594696  1.537188210610588 0.3851
1.685393551537952  1.537127543011185 0.3851
1.6853790098148937  1.5370672317511596 0.3852
1.6853643866202086  1.5370072736441593 0.3854
1.6853496801155121  1.5369476655362053 0.3854
1.6853348884939123  1.5368884043053284 0.3855
1.6853200099797956  1.5368294868612185 0.3855
1.6853050428286125  1.5367709101448728 0.3857
1.6852899853266667  1.5367126711282526 0.3856
1.6852748357908842  1.536654766813942 0.3856
1.6852595925686027  1.5365971942348104 0.3855
1.6852442540373413  1.536539950453684 0.3854
1.6852288186045776  1.5364830325630154 0.3855
1.6852132847075199  1.536426437684561 0.3855
1.6851976508128768  1.5363701629690625 0.3856
1.6851819154166308  1.5363142055959318 0.3857
1.6851660770438013  1.5362585627729377 0.3857
1.6851501342482125  1.536203231735902 0.3857
1.6851340856122625  1.5361482097483938 0.3856
1.6851179297466796  1.5360934941014304 0.3856
epoch train_loss test_loss  accuracy
2.304207367441555  2.3014397046271378 0.1028
2.304236206759756  2.301387274875304 0.1028
2.304264403264391  2.3013277478983385 0.1028
2.304291114054443  2.301257927508869 0.1028
2.304315207089922  2.3011738393496475 0.1028
2.304335137691794  2.301070443281251 0.1028
2.3043487825832725  2.300941253428985 0.1028
2.3043532150527977  2.300777830919083 0.1028
2.3043443978744134  2.300569100945526 0.1028
2.3043167611211213  2.3003004268556775 0.1985
2.30426261837618  2.299952347211523 0.1136
2.304171355275496  2.299498844248787 0.1135
2.3040282962744905  2.2989049600007054 0.1135
2.303813115657532  2.298123505378949 0.1135
2.303497603013526  2.2970905147220075 0.1135
2.303042517792608  2.2957189864196503 0.1135
2.302393171392176  2.293890338606647 0.1135
2.301473268796124  2.2914429587220244 0.1135
2.300176465228066  2.2881573917977422 0.1135
2.2983551569318377  2.2837384389334083 0.1136
2.2958064860128693  2.2777963969971085 0.1137
2.2922569138037225  2.2698339444553612 0.1165
2.287349849928933  2.2592528582533014 0.1246
2.280646573455449  2.2454050095154185 0.1415
2.271658409175996  2.227717504208216 0.1577
2.2599321308133233  2.205903371655404 0.1744
2.245196713579346  2.180205385870493 0.1882
2.2275333420521366  2.151531223458402 0.2003
2.2074701668552605  2.1213262327705094 0.2147
2.185903624068929  2.0911890303989598 0.2256
2.1638602015723567  2.0624468777802853 0.2389
2.142237643314459  2.0359238604797496 0.2493
2.121657548017686  2.0119494385729197 0.2575
2.102451625715551  1.9905004221116127 0.2646
2.084725418068686  1.9713590371983705 0.2697
2.0684394366982484  1.9542303965917425 0.2746
2.053476308030533  1.9388120561484157 0.2782
2.0396863013722495  1.9248279073077386 0.2826
2.0269144266901207  1.9120405457163625 0.2863
2.0150147868971335  1.900252434845307 0.288
2.0038570741982045  1.8893020992554714 0.2903
1.9933286068677205  1.8790586868285704 0.2932
1.9833340267675332  1.869416500166364 0.2959
1.973793893742647  1.8602901529828855 0.2971
1.9646428583843416  1.8516105360944282 0.3007
1.955827767033534  1.8433215649221795 0.3036
1.9473058679987545  1.8353775998081938 0.3059
1.9390431881363461  1.8277414127394531 0.3078
1.9310130979254048  1.8203825834758973 0.3105
1.9231950591890161  1.8132762269831044 0.3117
1.915573539981775  1.8064019743430662 0.3136
1.9081370786857947  1.7997431475560908 0.316
1.9008774800766088  1.7932860837257814 0.3167
1.8937891279614314  1.787019575946518 0.3185
1.8868684009542973  1.7809344071313178 0.3185
1.880113179631237  1.7750229595166136 0.3194
1.87352243461112  1.769278887164312 0.3205
1.867095886086414  1.7636968419132397 0.322
1.8608337260840184  1.7582722453095436 0.3231
1.8547363953694365  1.7530011003942674 0.3248
1.8488044074944536  1.7478798381009444 0.3266
1.8430382130766532  1.7429051936057816 0.3269
1.837438098009797  1.7380741084099272 0.3287
1.832004109938876  1.7333836543022636 0.33
1.8267360079810686  1.728830975700137 0.3324
1.8216332313163222  1.7244132472160996 0.3329
1.816694882889502  1.7201276436551893 0.3325
1.811919725043344  1.71597132000402 0.3325
1.8073061844250635  1.7119413993200334 0.3332
1.8028523639719927  1.7080349667567083 0.3341
1.7985560601807062  1.7042490682600102 0.3345
1.794414784201181  1.7005807127377306 0.3348
1.790425785577625  1.6970268767343022 0.3355
1.7865860776870177  1.6935845108395922 0.3356
1.7828924641128008  1.6902505472232632 0.3368
1.7793415653417242  1.687021907820016 0.3382
1.7759298452937093  1.6838955127993567 0.3394
1.7726536372936235  1.6808682890404358 0.3399
1.7695091691751015  1.6779371784018986 0.3406
1.7664925872740487  1.6750991456317423 0.3404
1.7635999791261996  1.6723511858058875 0.3412
1.7608273947314774  1.669690331218768 0.3422
1.7581708662894264  1.667113657676654 0.3427
1.755626426345879  1.6646182901660977 0.3428
1.7531901243221177  1.6622014078870124 0.3435
1.7508580414244996  1.6598602486533345 0.345
1.7486263039554135  1.657592112674674 0.3453
1.7464910950656332  1.6553943657404306 0.3455
1.7444486650040556  1.65326444183387 0.3454
1.7424953399335585  1.6511998452080956 0.3457
1.7406275293916  1.649198151958872 0.3466
1.7388417324814387  1.6472570111311848 0.3467
1.737134542884699  1.6453741453974082 0.3477
1.735502652788756  1.6435473513451688 0.3478
1.7339428558233276  1.6417744994126005 0.3486
1.7324520490998818  1.6400535335077862 0.3497
1.731027234445584  1.6383824703478858 0.3501
1.7296655189202303  1.6367593985518767 0.3509
1.7283641147007636  1.6351824775190003 0.3509
1.727120338413302  1.633649936123057 0.3511
1.7259316099875655  1.632160071250632 0.3509
1.7247954511031807  1.6307112462092068 0.3511
1.7237094832918787  1.629301889029017 0.3513
1.7226714257540443  1.627930490680402 0.3529
1.7216790929425951  1.6265956032263649 0.3536
1.7207303919618795  1.6252958379280917 0.3537
1.7198233198241686  1.6240298633192847 0.3544
1.7189559606014984  1.622796403263409 0.3551
1.7181264825060636  1.6215942350062575 0.3548
1.717333134928155  1.6204221872346938 0.3556
1.716574245456745  1.6192791381509868 0.3566
1.7158482169042395  1.6181640135708248 0.3567
1.7151535243536886  1.6170757850518762 0.3577
1.7144887122438597  1.616013468058669 0.3581
1.7138523915048773  1.614976120168557 0.3583
1.7132432367549015  1.6139628393226482 0.358
1.712659983566182  1.612972762124758 0.3585
1.71210142580704  1.6120050621907602 0.3596
1.7115664130647652  1.6110589485500488 0.3597
1.711053848152978  1.6101336641002937 0.3604
1.7105626847059312  1.609228484116182 0.3603
1.7100919248610797  1.6083427148124154 0.3609
1.7096406170305298  1.6074756919608781 0.3611
1.709207853761096  1.6066267795615814 0.361
1.7087927696823157  1.6057953685667277 0.3614
1.7083945395409803  1.6049808756570245 0.3621
1.7080123763206423  1.6041827420691968 0.3625
1.707645529444034  1.603400432473494 0.3623
1.7072932830561391  1.602633433899888 0.3625
1.7069549543855065  1.601881254711545 0.3626
1.7066298921812206  1.6011434236241062 0.3627
1.7063174752228465  1.6004194887692564 0.363
1.7060171109006055  1.5997090168010268 0.3627
1.70572823386307  1.5990115920432644 0.3625
1.705450304729565  1.5983268156766992 0.3619
1.7051828088645855  1.5976543049640433 0.3617
1.704925255211509  1.5969936925115755 0.3625
1.7046771751829486  1.5963446255656804 0.3634
1.7044381216052102  1.595706765342856 0.3639
1.7042076677142852  1.5950797863917208 0.3642
1.7039854062009683  1.5944633759855988 0.3647
1.7037709483027967  1.5938572335443018 0.3649
1.703563922940462  1.5932610700837684 0.3648
1.7033639758965908  1.5926746076922689 0.3652
1.703170769034773  1.5920975790319234 0.365
1.7029839795568327  1.5915297268643376 0.3655
1.702803299296462  1.5909708035991985 0.3652
1.7026284340473588  1.5904205708647219 0.3659
1.7024591029241236  1.5898787990988932 0.3665
1.7022950377542996  1.5893452671604842 0.3668
1.7021359824999251  1.5888197619588689 0.3677
1.7019816927071139  1.5883020781017219 0.368
1.701831934982238  1.5877920175596973 0.3687
1.701686486493357  1.58728938934726 0.369
1.7015451344955885  1.5867940092188513 0.3694
1.7014076758792067  1.5863056993796278 0.3697
1.701273916739315  1.5858242882100435 0.3697
1.7011436719659703  1.5853496100035778 0.37
1.7010167648537358  1.5848815047169547 0.3696
1.7008930267296607  1.5844198177322166 0.3702
1.7007722965987522  1.5839643996300667 0.3708
1.7006544208060455  1.583515105973905 0.3708
1.7005392527144487  1.5830717971040242 0.3706
1.7004266523975329  1.5826343379414545 0.3704
1.700316486346547  1.5822025978009724 0.3708
1.7002086271909196  1.5817764502128138 0.3711
1.7001029534315755  1.581355772752654 0.3712
1.6999993491864263  1.5809404468794397 0.3714
1.6998977039474354  1.5805303577806895 0.3717
1.6997979123486626  1.5801253942248736 0.3718
1.6996998739447762  1.579725448420536 0.372
1.6996034929994701  1.5793304158818178 0.3721
1.699508678283351  1.5789401953000595 0.3722
1.6994153428807894  1.5785546884211918 0.3723
1.6993234040053198  1.5781737999286205 0.3726
1.6992327828231684  1.5777974373313364 0.3729
1.6991434042845217  1.5774255108570008 0.3726
1.6990551969621406  1.5770579333497534 0.3732
1.69896809289701  1.5766946201725156 0.3733
1.6988820274506324  1.5763354891135748 0.3739
1.6987969391637243  1.5759804602972367 0.3741
1.6987127696209183  1.5756294560983488 0.3738
1.6986294633212824  1.575282401060512 0.3745
1.6985469675543248  1.5749392218178024 0.3744
1.6984652322812483  1.5745998470198324 0.375
1.6983842100212165  1.5742642072599937 0.3747
1.6983038557423793  1.5739322350067337 0.3748
1.6982241267574805  1.5736038645377157 0.375
1.6981449826237947  1.5732790318767327 0.3751
1.698066385047225  1.5729576747332412 0.3752
1.6979882977903635  1.572639732444396 0.3748
1.697910686584354  1.572325145919465 0.3747
1.6978335190443452  1.5720138575865208 0.375
1.6977567645884466  1.5717058113412925 0.3749
1.697680394359952  1.571400952498091 0.3744
1.697604381152751  1.5710992277427023 0.3745
1.6975286993397551  1.5708005850871665 0.3746
1.6974533248042423  1.5705049738263503 0.3746
1.6973782348739261  1.5702123444962393 0.3747
1.6973034082577374  1.569922648833864 0.3747
1.6972288249850926  1.5696358397387915 0.3745
1.6971544663476354  1.569351871236116 0.3748
1.6970803148432851  1.5690706984408733 0.375
1.6970063541225304  1.5687922775238208 0.3752
1.69693256893686  1.568516565678525 0.375
1.696858945089251  1.5682435210896948 0.375
1.6967854693866167  1.5679731029027095 0.3751
1.6967121295941565  1.567705271194287 0.3751
1.6966389143915144  1.5674399869442452 0.3751
1.6965658133306507  1.5671772120083085 0.3752
1.6964928167954367  1.5669169090919155 0.3751
1.69641991596279  1.5666590417249813 0.3752
1.6963471027653967  1.5664035742375837 0.3752
1.696274369855886  1.5661504717365196 0.3754
1.696201710572428  1.5658997000827108 0.3759
1.6961291189056997  1.5656512258694117 0.3763
1.696056589467165  1.5654050164011926 0.3761
1.6959841174585997  1.5651610396736604 0.3763
1.695911698642841  1.564919264353897 0.3763
1.695839329315702  1.5646796597615713 0.3767
1.6957670062789856  1.5644421958507109 0.3768
1.695694726814607  1.564206843192098 0.3771
1.6956224886597229  1.5639735729562694 0.377
1.695550289982869  1.5637423568970923 0.377
1.6954781293610601  1.563513167335899 0.3773
1.6954060057577944  1.5632859771461485 0.3772
1.695333918501978  1.5630607597386068 0.3773
1.6952618672676583  1.5628374890470138 0.3774
1.6951898520546196  1.562616139514226 0.3771
1.6951178731697585  1.562396686078811 0.3768
1.6950459312091912  1.562179104162083 0.3767
1.6949740270411482  1.5619633696555528 0.3771
1.6949021617895188  1.5617494589087864 0.3769
1.6948303368181217  1.5615373487176494 0.377
1.6947585537156022  1.561327016312928 0.3772
1.694686814280961  1.561118439349307 0.3774
1.6946151205097033  1.5609115958946946 0.3775
1.6945434745805608  1.560706464419886 0.3776
1.6944718788427764  1.56050302378854 0.3779
1.6944003358039421  1.5603012532474712 0.378
1.6943288481183416  1.5601011324172378 0.3779
1.6942574185758037  1.5599026412830186 0.378
1.694186050091041  1.5597057601857631 0.3782
1.6941147456934609  1.5595104698136153 0.3779
1.6940435085174004  1.5593167511935848 0.3781
1.6939723417928203  1.5591245856834786 0.3781
1.6939012488363996  1.5589339549640613 0.3783
1.6938302330430375  1.5587448410314524 0.3783
1.6937592978777303  1.558557226189747 0.3787
1.6936884468678322  1.5583710930438468 0.3787
1.693617683595674  1.5581864244925046 0.3788
1.693547011691506  1.558003203721565 0.3786
1.6934764348267894  1.557821414197402 0.3786
1.6934059567078068  1.5576410396605418 0.3783
1.6933355810695747  1.557462064119467 0.3784
1.693265311670037  1.5572844718445968 0.3786
1.6931951522845683  1.5571082473624325 0.3785
1.6931251067007398  1.5569333754498718 0.3788
1.6930551787133243  1.5567598411286752 0.3788
1.6929853721196038  1.5565876296600891 0.3788
1.6929156907148701  1.5564167265396147 0.3786
1.692846138288185  1.5562471174919204 0.379
1.692776718618349  1.556078788465892 0.3796
1.6927074354701241  1.555911725629816 0.3796
1.6926382925906065  1.5557459153666964 0.3793
1.6925692937058379  1.5555813442696893 0.3797
1.6925004425176027  1.5554179991376644 0.3796
1.6924317427004008  1.5552558669708865 0.3796
1.6923631978986002  1.5550949349668004 0.3795
1.692294811723757  1.5549351905159396 0.379
1.6922265877521034  1.5547766211979295 0.379
1.6921585295221921  1.5546192147776035 0.3791
1.6920906405326848  1.554462959201212 0.3789
1.6920229242402787  1.5543078425927352 0.3789
1.6919553840577979  1.5541538532502863 0.3788
1.6918880233523825  1.5540009796426058 0.379
1.6918208454438242  1.5538492104056476 0.379
1.6917538536030285  1.5536985343392473 0.3791
1.6916870510505688  1.5535489404038774 0.3794
1.6916204409553837  1.5534004177174814 0.3794
1.6915540264335498  1.553252955552387 0.3799
1.6914878105471873  1.5531065433322957 0.3798
1.6914217963034348  1.5529611706293456 0.3796
1.6913559866535326  1.5528168271612477 0.3793
1.691290384492003  1.5526735027884913 0.3793
1.6912249926558929  1.5525311875116163 0.3794
1.6911598139241233  1.552389871468551 0.3793
1.6910948510168928  1.5522495449320157 0.3792
1.6910301065951845  1.5521101983069892 0.3793
1.6909655832603052  1.5519718221282301 0.3795
1.6909012835535335  1.5518344070578645 0.3801
1.6908372099558064  1.5516979438830247 0.3802
1.690773364887467  1.5515624235135446 0.3801
1.6907097507080902  1.5514278369797114 0.3799
1.6906463697163472  1.5512941754300682 0.3801
1.6905832241499203  1.551161430129266 0.3802
1.6905203161854925  1.551029592455967 0.3803
1.6904576479387459  1.5508986539007963 0.3804
1.690395221464449  1.5507686060643386 0.3804
1.6903330387565572  1.5506394406551829 0.3803
1.6902711017483554  1.5505111494880097 0.3802
1.6902094123126659  1.5503837244817222 0.3806
1.690147972262052  1.5502571576576185 0.3806
1.6900867833490982  1.5501314411376073 0.3809
1.690025847266689  1.550006567142459 0.3812
1.6899651656483445  1.5498825279901003 0.381
1.689904740068562  1.5497593160939436 0.3812
1.6898445720432065  1.5496369239612533 0.3813
1.6897846630299114  1.5495153441915501 0.3814
1.6897250144285154  1.5493945694750453 0.3815
1.6896656275815098  1.5492745925911158 0.3816
1.6896065037745178  1.5491554064068067 0.3815
1.6895476442367807  1.549037003875368 0.3815
1.6894890501416935  1.548919378034822 0.3817
1.689430722607307  1.5488025220065649 0.3817
1.689372662696898  1.5486864289939914 0.3817
1.689314871419514  1.5485710922811549 0.3816
1.6892573497305625  1.548456505231452 0.3816
1.6892000985323925  1.5483426612863365 0.3817
1.6891431186748953  1.5482295539640583 0.3817
1.6890864109561141  1.5481171768584325 0.3815
1.6890299761228746  1.5480055236376298 0.3815
1.6889738148713995  1.5478945880429935 0.3816
1.6889179278479531  1.5477843638878819 0.3817
1.6888623156494929  1.547674845056532 0.3817
1.688806978824309  1.5475660255029495 0.3819
1.6887519178726889  1.547457899249818 0.3819
1.6886971332475722  1.547350460387433 0.3818
1.6886426253552342  1.5472437030726571 0.3818
1.6885883945559286  1.5471376215278925 0.3816
1.6885344411645793  1.5470322100400806 0.3816
1.6884807654514544  1.5469274629597145 0.3819
1.6884273676428379  1.5468233746998765 0.3817
1.6883742479217088  1.546719939735292 0.382
1.6883214064284209  1.5466171526014025 0.3819
1.6882688432613817  1.5465150078934562 0.3818
1.6882165584777358  1.5464135002656167 0.3817
1.6881645520940343  1.5463126244300915 0.3819
1.6881128240869234  1.5462123751562717 0.3819
1.688061374393813  1.5461127472698941 0.382
1.6880102029135464  1.546013735652216 0.3819
1.687959309507096  1.5459153352392052 0.3822
1.6879086939981949  1.5458175410207502 0.3822
1.687858356174047  1.5457203480398793 0.382
1.6878082957859448  1.545623751391998 0.3821
1.6877585125499814  1.5455277462241388 0.382
1.6877090061476583  1.5454323277342286 0.3823
1.6876597762265686  1.5453374911703652 0.3823
1.6876108224010373  1.545243231830109 0.3824
1.6875621442527677  1.5451495450597903 0.3823
1.6875137413314774  1.5450564262538253 0.3823
1.6874656131555332  1.544963870854046 0.3821
1.6874177592125903  1.5448718743490453 0.3822
1.6873701789602047  1.5447804322735283 0.3821
1.6873228718264668  1.5446895402076817 0.382
1.6872758372106003  1.544599193776549 0.3826
1.6872290744835876  1.544509388649421 0.3829
1.6871825829887594  1.5444201205392338 0.3831
1.6871363620424056  1.5443313852019813 0.383
1.6870904109343525  1.5442431784361346 0.3833
1.687044728928561  1.5441554960820747 0.3834
1.6869993152636973  1.5440683340215318 0.3835
1.6869541691537144  1.543981688177037 0.3835
1.6869092897884184  1.543895554511383 0.3832
1.6868646763340156  1.5438099290270948 0.3832
1.6868203279336924  1.543724807765907 0.3832
1.6867762437081464  1.5436401868082528 0.3836
1.6867324227561256  1.543556062272762 0.3837
1.6866888641549782  1.5434724303157643 0.3838
1.6866455669611728  1.543389287130805 0.3839
1.6866025302108216  1.5433066289481652 0.3839
1.6865597529201999  1.5432244520343945 0.384
1.6865172340862484  1.5431427526918466 0.3841
1.6864749726870851  1.543061527258227 0.384
1.6864329676825  1.5429807721061455 0.384
1.686391218014436  1.5429004836426772 0.384
1.686349722607483  1.5428206583089303 0.384
1.6863084803693553  1.5427412925796227 0.3841
1.686267490191349  1.5426623829626618 0.3842
1.6862267509488191  1.542583925998736 0.3841
1.6861862615016279  1.5425059182609082 0.3844
1.686146020694603  1.5424283563542205 0.3843
1.6861060273579778  1.5423512369153003 0.3846
1.6860662803078268  1.542274556611977 0.3845
1.6860267783465008  1.5421983121429035 0.3846
1.6859875202630537  1.5421225002371814 0.3847
1.6859485048336522  1.5420471176539958 0.3845
1.6859097308220015  1.5419721611822539 0.3844
1.6858711969797355  1.5418976276402299 0.3844
1.6858329020468334  1.5418235138752134 0.3842
1.6857948447520006  1.5417498167631691 0.3841
1.6857570238130613  1.5416765332083924 0.3839
1.6857194379373415  1.5416036601431802 0.3839
1.6856820858220385  1.541531194527501 0.3841
1.6856449661545987  1.54145913334867 0.3842
1.685608077613071  1.5413874736210325 0.3842
1.685571418866474  1.5413162123856492 0.3845
1.6855349885751434  1.5412453467099885 0.3844
1.6854987853910706  1.5411748736876199 0.3844
1.6854628079582594  1.5411047904379171 0.3846
1.6854270549130428  1.5410350941057613 0.3844
1.6853915248844267  1.5409657818612514 0.3844
1.6853562164943987  1.5408968508994167 0.3844
1.685321128358258  1.5408282984399357 0.3844
1.6852862590849196  1.5407601217268567 0.3845
1.6852516072772268  1.5406923180283272 0.3845
1.6852171715322486  1.5406248846363206 0.3846
1.6851829504415765  1.5405578188663722 0.3846
1.6851489425916146  1.5404911180573162 0.3845
1.6851151465638745  1.540424779571029 0.3844
1.68508156093523  1.5403588007921747 0.3846
1.6850481842782294  1.5402931791279513 0.3845
1.6850150151613341  1.5402279120078477 0.3844
1.684982052149202  1.5401629968833976 0.3845
1.6849492938029453  1.540098431227941 0.3846
1.6849167386803796  1.5400342125363853 0.3845
1.684884385336277  1.5399703383249737 0.3847
1.6848522323226203  1.5399068061310546 0.3847
1.6848202781888375  1.5398436135128541 0.3845
1.6847885214820393  1.539780758049254 0.3844
1.6847569607472535  1.5397182373395688 0.3845
1.6847255945276498  1.539656049003331 0.3846
1.684694421364772  1.5395941906800745 0.3845
1.6846634397987457  1.539532660029123 0.3845
1.6846326483684984  1.5394714547293842 0.3843
1.6846020456119781  1.53941057247914 0.3842
1.6845716300663411  1.5393500109958465 0.3842
1.6845414002681778  1.5392897680159323 0.3842
1.6845113547536907  1.539229841294602 0.3843
1.6844814920589004  1.5391702286056415 0.3845
1.6844518107198327  1.5391109277412236 0.3845
1.6844223092727069  1.5390519365117212 0.3842
1.684392986254111  1.5389932527455203 0.3842
1.6843638402011933  1.5389348742888305 0.3845
1.6843348696518259  1.5388767990055108 0.3844
1.684306073144784  1.5388190247768831 0.3845
1.684277449219911  1.5387615495015579 0.3845
1.6842489964182743  1.538704371095259 0.3846
1.6842207132823468  1.53864748749065 0.3849
1.684192598356142  1.5385908966371646 0.3849
1.684164650185379  1.5385345965008377 0.3849
1.6841368673176316  1.5384785850641403 0.385
1.6841092483024802  1.5384228603258148 0.3849
1.6840817916916393  1.5383674203007118 0.385
1.6840544960391188  1.5383122630196342 0.3851
1.6840273599013464  1.538257386529175 0.3851
1.684000381837314  1.538202788891565 0.3852
1.6839735604086916  1.5381484681845166 0.3852
1.6839468941799793  1.5380944225010746 0.3852
1.6839203817186108  1.5380406499494632 0.3854
1.6838940215950817  1.5379871486529413 0.3859
1.6838678123830817  1.5379339167496542 0.3858
1.683841752659595  1.5378809523924895 0.3862
1.6838158410050212  1.5378282537489352 0.3862
1.6837900760032867  1.5377758190009387 0.3865
1.6837644562419516  1.5377236463447692 0.3863
1.683738980312313  1.537671733990877 0.3864
1.6837136468095137  1.5376200801637614 0.3864
1.6836884543326363  1.5375686831018347 0.3866
1.6836634014848084  1.5375175410572917 0.3863
1.6836384868732897  1.5374666522959763 0.3865
1.6836137091095749  1.537416015097256 0.3863
1.6835890668094693  1.5373656277538912 0.3862
1.6835645585931946  1.53731548857191 0.3863
1.6835401830854675  1.5372655958704866 0.3865
1.6835159389155754  1.5372159479818133 0.3866
1.6834918247174677  1.537166543250983 0.3867
1.6834678391298263  1.537117380035868 0.3867
1.683443980796161  1.5370684567070005 0.3869
1.6834202483648557  1.5370197716474567 0.3871
1.6833966404892664  1.5369713232527404 0.3869
1.6833731558277778  1.536923109930667 0.3868
1.683349793043878  1.536875130101255 0.387
1.6833265508062087  1.5368273821966083 0.3871
1.6833034277886665  1.5367798646608097 0.3873
1.6832804226704268  1.536732575949811 0.3877
1.6832575341360254  1.5366855145313234 0.3873
1.6832347608754088  1.5366386788847135 0.3872
1.6832121015839963  1.5365920675008957 0.3872
1.6831895549627347  1.5365456788822285 0.387
1.6831671197181457  1.5364995115424116 0.3871
1.6831447945623867  1.5364535640063848 0.3869
1.6831225782132897  1.5364078348102266 0.387
1.6831004693944258  1.5363623225010539 0.3871
1.6830784668351289  1.5363170256369247 0.387
1.683056569270563  1.5362719427867415 0.387
1.683034775441753  1.5362270725301526 0.3871
1.6830130840956272  1.5361824134574595 0.3872
1.6829914939850645  1.5361379641695214 0.3873
1.6829700038689248  1.5360937232776628 0.3873
1.6829486125120903  1.5360496894035816 0.3873
1.682927318685499  1.536005861179257 0.3875
1.6829061211661873  1.5359622372468622 0.3874
1.6828850187373074  1.535918816258672 0.3873
1.6828640101881776  1.5358755968769782 0.3872
1.6828430943142962  1.5358325777739998 0.3871
1.6828222699173736  1.5357897576317996 0.3872
1.6828015358053736  1.535747135142196 0.3874
1.6827808907925252  1.5357047090066829 0.3874
1.682760333699347  1.535662477936342 0.3875
1.6827398633526836  1.5356204406517642 0.3875
1.6827194785857162  1.5355785958829655 0.3876
1.6826991782379839  1.5355369423693086 0.3873
1.6826789611554194  1.5354954788594213 0.3873
1.68265882619035  1.5354542041111188 0.3873
1.682638772201523  1.5354131168913256 0.3872
1.6826187980541203  1.535372215975998 0.3872
1.6825989026197838  1.535331500150048 0.3868
1.682579084776617  1.5352909682072673 0.3867
1.6825593434092039  1.535250618950254 0.3868
1.682539677408622  1.5352104511903362 0.3869
1.6825200856724611  1.5351704637475005 0.3869
1.6825005671048185  1.5351306554503212 0.3869
1.68248112061632  1.535091025135884 0.3868
1.682461745124132  1.5350515716497202 0.3869
1.6824424395519522  1.5350122938457336 0.387
1.682423202830039  1.5349731905861306 0.3871
1.682404033895201  1.5349342607413539 0.3873
1.6823849316908104  1.534895503190014 0.3876
1.6823658951668043  1.5348569168188195 0.3877
1.682346923279688  1.5348185005225128 0.3876
1.6823280149925426  1.5347802532038037 0.3875
1.6823091692750183  1.5347421737733047 0.3879
1.6822903851033422  1.5347042611494646 0.3878
1.682271661460322  1.534666514258506 0.3879
1.6822529973353324  1.534628932034363 0.3879
1.6822343917243303  1.5345915134186154 0.3877
1.682215843629845  1.5345542573604298 0.3876
1.6821973520609674  1.5345171628164969 0.3876
1.6821789160333676  1.534480228750971 0.3876
1.6821605345692738  1.53444345413541 0.3876
1.6821422066974663  1.534406837948715 0.3878
1.682123931453295  1.534370379177072 0.3878
1.6821057078786434  1.5343340768138942 0.3877
1.68208753502194  1.534297929859763 0.3877
1.6820694119381603  1.5342619373223707 0.3878
1.682051337688792  1.534226098216466 0.3879
1.6820333113418477  1.5341904115637948 0.3879
1.6820153319718534  1.5341548763930464 0.3878
1.6819973986598307  1.5341194917397987 0.3876
1.6819795104932975  1.5340842566464639 0.3875
1.681961666566254  1.534049170162232 0.3876
1.6819438659791668  1.5340142313430214 0.3876
1.6819261078389687  1.533979439251422 0.3877
1.6819083912590305  1.533944792956646 0.3876
1.6818907153591658  1.5339102915344753 0.3876
1.6818730792656067  1.533875934067207 0.3875
1.6818554821109968  1.533841719643608 0.3876
1.6818379230343758  1.5338076473588593 0.3876
1.6818204011811666  1.5337737163145095 0.3875
1.6818029157031535  1.5337399256184239 0.3875
1.6817854657584757  1.5337062743847363 0.3874
1.681768050511615  1.533672761733799 0.3873
1.6817506691333681  1.5336393867921365 0.3872
1.681733320800837  1.5336061486923966 0.3872
1.6817160046974173  1.5335730465733044 0.3871
1.6816987200127713  1.5335400795796137 0.3874
1.6816814659428194  1.533507246862063 0.3873
1.68166424168972  1.5334745475773275 0.3874
1.6816470464618456  1.5334419808879751 0.3873
1.6816298794737765  1.5334095459624213 0.3873
1.6816127399462681  1.5333772419748835 0.3873
1.6815956271062469  1.5333450681053378 0.3874
1.6815785401867833  1.5333130235394752 0.3874
1.6815614784270654  1.5332811074686576 0.3876
1.6815444410723988  1.533249319089874 0.3874
1.6815274273741654  1.533217657605701 0.3873
1.6815104365898135  1.5331861222242575 0.3874
1.681493467982839  1.5331547121591638 0.3874
1.681476520822762  1.5331234266295004 0.3874
1.6814595943851032  1.5330922648597667 0.3874
1.6814426879513666  1.5330612260798406 0.3874
1.681425800809017  1.533030309524938 0.3877
1.6814089322514565  1.532999514435572 0.3879
1.6813920815779995  1.5329688400575143 0.3879
1.6813752480938648  1.532938285641756 0.3879
1.6813584311101326  1.5329078504444678 0.388
1.681341629943739  1.5328775337269613 0.388
1.681324843917446  1.5328473347556522 0.388
1.681308072359819  1.5328172528020212 0.388
1.681291314605198  1.5327872871425765 0.388
1.6812745699936926  1.5327574370588157 0.388
1.6812578378711323  1.5327277018371925 0.388
1.6812411175890645  1.5326980807690747 0.388
1.6812244085047225  1.5326685731507124 0.3881
1.6812077099810032  1.5326391782831994 0.3881
1.681191021386434  1.5326098954724383 0.3881
1.6811743420951626  1.5325807240291063 0.3881
1.6811576714869279  1.532551663268618 0.3881
1.6811410089470276  1.532522712511092 0.3882
1.6811243538663039  1.5324938710813172 0.3883
1.6811077056411152  1.532465138308716 0.3882
1.6810910636733076  1.5324365135273132 0.3882
1.6810744273701956  1.5324079960757007 0.3883
1.681057796144531  1.5323795852970044 0.3883
1.6810411694144822  1.5323512805388528 0.3883
1.6810245466036164  1.5323230811533417 0.3881
1.6810079271408496  1.532294986497004 0.3882
1.680991310460448  1.5322669959307753 0.3884
1.6809746960019858  1.5322391088199645 0.3884
1.6809580832103332  1.5322113245342193 0.3884
1.6809414715356157  1.5321836424474984 0.3884
1.6809248604331968  1.5321560619380363 0.3884
1.6809082493636527  1.5321285823883157 0.3884
1.680891637792741  1.5321012031850347 0.3884
1.680875025191378  1.5320739237190777 0.3885
1.6808584110356222  1.5320467433854854 0.3884
1.6808417948066199  1.5320196615834234 0.3887
1.6808251759906208  1.5319926777161539 0.3887
1.6808085540789122  1.5319657911910067 0.3888
1.680791928567812  1.5319390014193484 0.3888
1.6807752989586493  1.5319123078165546 0.3887
1.680758664757717  1.531885709801982 0.3885
1.6807420254762624  1.5318592067989376 0.3884
1.6807253806304594  1.5318327982346527 0.3883
1.680708729741373  1.5318064835402536 0.3884
1.6806920723349392  1.531780262150735 0.3883
1.6806754079419408  1.5317541335049312 0.3883
1.680658736097975  1.5317280970454892 0.3883
1.6806420563434272  1.5317021522188428 0.3883
1.6806253682234555  1.5316762984751833 0.3883
1.6806086712879493  1.5316505352684344 0.3883
1.6805919650915098  1.531624862056227 0.3883
1.6805752491934243  1.5315992782998695 0.3882
1.6805585231576405  1.5315737834643242 0.3882
1.6805417865527332  1.531548377018182 0.3883
1.6805250389518893  1.531523058433635 0.3883
1.6805082799328697  1.531497827186451 0.3884
1.6804915090779933  1.5314726827559502 0.3885
1.6804747259740946  1.5314476246249786 0.3886
1.6804579302125184  1.5314226522798833 0.3884
1.6804411213890837  1.531397765210488 0.3886
1.6804242991040443  1.5313729629100694 0.3885
1.6804074629620909  1.531348244875331 0.3885
1.680390612572295  1.5313236106063812 0.3885
1.6803737475481049  1.5312990596067073 0.3884
1.6803568675073066  1.5312745913831538 0.3883
1.680339972072  1.531250205445897 0.3883
1.6803230608685826  1.5312259013084226 0.3883
1.6803061335277032  1.5312016784875035 0.3883
1.680289189684256  1.5311775365031746 0.3884
1.6802722289773488  1.5311534748787112 0.3884
1.6802552510502629  1.5311294931406068 0.3884
1.68023825555045  1.5311055908185491 0.3885
1.6802212421294866  1.5310817674454003 0.3886
1.6802042104430652  1.5310580225571715 0.3885
1.6801871601509453  1.531034355693003 0.3885
1.6801700909169537  1.5310107663951433 0.3881
1.6801530024089442  1.530987254208924 0.388
1.6801358942987734  1.5309638186827421 0.3878
1.6801187662622716  1.5309404593680367 0.3878
1.680101617979231  1.5309171758192677 0.3878
1.6800844491333604  1.5308939675938955 0.3878
1.68006725941228  1.5308708342523598 0.3879
1.6800500485074759  1.5308477753580596 0.3879
1.6800328161142934  1.5308247904773316 0.3879
1.6800155619318946  1.5308018791794291 0.3879
1.6799982856632478  1.530779041036506 0.3878
1.6799809870150966  1.53075627562359 0.3878
1.6799636656979267  1.530733582518569 0.3877
1.679946321425956  1.5307109613021672 0.3874
1.6799289539170992  1.5306884115579271 0.3875
1.6799115628929446  1.53066593287219 0.3875
1.6798941480787288  1.530643524834076 0.3875
